OP,NCC,GCC,SLCC
1.0,2.763958E-4,1.0,0.0
0.9997236,0.0019347706,0.9983416,2.763958E-4
0.9994472,0.0022111663,0.99806523,2.763958E-4
0.99917084,0.0024875621,0.99778885,2.763958E-4
0.9988944,0.002763958,0.99751246,2.763958E-4
0.998618,0.0030403538,0.997236,2.763958E-4
0.9983416,0.0035931454,0.99640685,5.527916E-4
0.99806523,0.0038695412,0.99613047,5.527916E-4
0.99778885,0.005804312,0.9936429,5.527916E-4
0.99751246,0.0060807075,0.9933665,5.527916E-4
0.997236,0.0063571036,0.9930901,5.527916E-4
0.9969596,0.006633499,0.9928137,5.527916E-4
0.99668324,0.0069098948,0.9925373,5.527916E-4
0.99640685,0.007186291,0.99226093,5.527916E-4
0.99613047,0.0074626864,0.99198455,5.527916E-4
0.9958541,0.0077390824,0.9917081,5.527916E-4
0.9955777,0.008015478,0.9914317,5.527916E-4
0.99530125,0.008291874,0.9911553,5.527916E-4
0.99502486,0.00856827,0.99087894,5.527916E-4
0.9947485,0.008844665,0.99060255,5.527916E-4
0.9944721,0.009397457,0.9900498,5.527916E-4
0.9941957,0.009673853,0.98977333,5.527916E-4
0.9939193,0.0099502485,0.98949695,5.527916E-4
0.9936429,0.010226645,0.98922056,5.527916E-4
0.9933665,0.010503041,0.9889442,5.527916E-4
0.9930901,0.010779436,0.9886678,5.527916E-4
0.9928137,0.011055832,0.9883914,5.527916E-4
0.9925373,0.011332228,0.98811495,5.527916E-4
0.99226093,0.011608624,0.98783857,5.527916E-4
0.99198455,0.011885019,0.9875622,5.527916E-4
0.9917081,0.012161415,0.9872858,5.527916E-4
0.9914317,0.012990602,0.98507464,0.0011055832
0.9911553,0.013543394,0.9845218,0.0011055832
0.99087894,0.0138197895,0.9842454,0.0011055832
0.99060255,0.014096186,0.98396903,0.0011055832
0.99032617,0.014372582,0.98369265,0.0011055832
0.9900498,0.014648978,0.98341626,0.0011055832
0.98977333,0.014925373,0.9831399,0.0011055832
0.98949695,0.015201769,0.9828635,0.0011055832
0.98922056,0.015478165,0.98258704,0.0011055832
0.9889442,0.01575456,0.98231065,0.0011055832
0.9886678,0.016030956,0.98203427,0.0011055832
0.9883914,0.016583748,0.9814815,0.0011055832
0.98811495,0.016860144,0.9812051,0.0011055832
0.98783857,0.01713654,0.9809287,0.0011055832
0.9875622,0.01768933,0.9800995,0.0011055832
0.9872858,0.017965727,0.9798231,0.0011055832
0.9870094,0.018242123,0.9795467,0.0011055832
0.986733,0.018518519,0.97927034,0.0011055832
0.98645663,0.018794915,0.9789939,0.0011055832
0.9861802,0.01907131,0.9787175,0.0011055832
0.9859038,0.019347707,0.9784411,0.0011055832
0.9856274,0.019624101,0.97816473,0.0011055832
0.985351,0.019900497,0.97788835,0.0011055832
0.98507464,0.020176893,0.97761196,0.0011055832
0.98479825,0.02045329,0.9773356,0.0011055832
0.9845218,0.020729685,0.9770591,0.0011055832
0.9842454,0.021006081,0.97678274,0.0011055832
0.98396903,0.021282477,0.97650635,0.0011055832
0.98369265,0.021558871,0.97622997,0.0011055832
0.98341626,0.021835268,0.9759536,0.0011055832
0.9831399,0.022111664,0.9756772,0.0011055832
0.9828635,0.02238806,0.97540075,0.0011055832
0.98258704,0.022664456,0.97512436,0.0011055832
0.98231065,0.022940852,0.974848,0.0011055832
0.98203427,0.023217248,0.9745716,0.0011055832
0.9817579,0.023770038,0.9740188,0.0011055832
0.9814815,0.024046434,0.9737424,0.0011055832
0.9812051,0.02432283,0.973466,0.0011055832
0.9809287,0.024599226,0.9731896,0.0011055832
0.9806523,0.024875622,0.9729132,0.0011055832
0.9803759,0.025152018,0.9726368,0.0011055832
0.9800995,0.025428414,0.97236043,0.0011055832
0.9798231,0.025981205,0.9718076,0.0011055832
0.9795467,0.0262576,0.9715312,0.0011055832
0.97927034,0.026533997,0.9712548,0.0011055832
0.9789939,0.026810393,0.97097844,0.0011055832
0.9787175,0.027086789,0.97070205,0.0011055832
0.9784411,0.027363185,0.97042567,0.0011055832
0.97816473,0.027639579,0.9701493,0.0011055832
0.97788835,0.027915975,0.96987283,0.0011055832
0.97761196,0.028192371,0.96959645,0.0011055832
0.9773356,0.028745163,0.9687673,0.0011055832
0.9770591,0.02902156,0.9684909,0.0011055832
0.97678274,0.029297955,0.9682145,0.0011055832
0.97650635,0.029574351,0.96793807,0.0011055832
0.97622997,0.030403538,0.96655613,0.0011055832
0.9759536,0.030679934,0.9662797,0.0011055832
0.9756772,0.03095633,0.9660033,0.0011055832
0.97540075,0.031232726,0.9657269,0.0011055832
0.97512436,0.03150912,0.9654505,0.0011055832
0.974848,0.031785518,0.96517414,0.0011055832
0.9745716,0.032061912,0.96489775,0.0011055832
0.9742952,0.03233831,0.96462137,0.0011055832
0.9740188,0.032614704,0.9643449,0.0011055832
0.9737424,0.0328911,0.96406853,0.0011055832
0.973466,0.033167496,0.96379215,0.0011055832
0.9731896,0.03344389,0.96351576,0.0011055832
0.9729132,0.033996683,0.962963,0.0011055832
0.9726368,0.03427308,0.96268654,0.0011055832
0.97236043,0.035102267,0.9618574,0.0011055832
0.97208405,0.03537866,0.961581,0.0011055832
0.9718076,0.03565506,0.9613046,0.0011055832
0.9715312,0.03565506,0.9613046,0.0011055832
0.9712548,0.035931453,0.9610282,0.0011055832
0.97097844,0.03620785,0.9607518,0.0011055832
0.97070205,0.036484245,0.9604754,0.0011055832
0.97042567,0.03676064,0.960199,0.0011055832
0.9701493,0.037037037,0.9599226,0.0011055832
0.96987283,0.03731343,0.9596462,0.0011055832
0.96959645,0.03758983,0.95936984,0.0011055832
0.96932006,0.037866224,0.95909345,0.0011055832
0.9690437,0.03814262,0.958817,0.0011055832
0.9687673,0.038419016,0.9585406,0.0011055832
0.9684909,0.038695414,0.95826423,0.0011055832
0.9682145,0.038971808,0.95798784,0.0011055832
0.96793807,0.039248202,0.95771146,0.0011055832
0.9676617,0.04145937,0.9535655,0.0011055832
0.9673853,0.041735765,0.9532891,0.0011055832
0.9671089,0.042012163,0.9530127,0.0011055832
0.9668325,0.042288557,0.9527363,0.0011055832
0.96655613,0.042564955,0.95245993,0.0011055832
0.9662797,0.042564955,0.95245993,0.0011055832
0.9660033,0.043117743,0.95190716,0.0011055832
0.9657269,0.043670535,0.9513543,0.0011055832
0.9654505,0.043946933,0.95107794,0.0011055832
0.96517414,0.044223327,0.95080155,0.0011055832
0.96489775,0.044499725,0.95052516,0.0011055832
0.96462137,0.04477612,0.9502488,0.0011055832
0.9643449,0.045052513,0.94997233,0.0011055832
0.96406853,0.04532891,0.94969594,0.0011055832
0.96379215,0.045605306,0.94941956,0.0011055832
0.96351576,0.045881703,0.9491432,0.0011055832
0.9632394,0.046158098,0.9488668,0.0011055832
0.962963,0.047540076,0.9474848,0.0011055832
0.96268654,0.047816474,0.9472084,0.0011055832
0.96241015,0.04809287,0.946932,0.0011055832
0.96213377,0.048369266,0.94665563,0.0011055832
0.9618574,0.05058043,0.94416803,0.0011055832
0.961581,0.05085683,0.94389164,0.0011055832
0.9613046,0.051133223,0.94361526,0.0011055832
0.9610282,0.051409617,0.9433389,0.0011055832
0.9607518,0.051686015,0.9430625,0.0011055832
0.9604754,0.05196241,0.9427861,0.0011055832
0.960199,0.052238807,0.94250965,0.0011055832
0.9599226,0.052238807,0.94250965,0.0011055832
0.9596462,0.0525152,0.94223326,0.0011055832
0.95936984,0.0527916,0.9419569,0.0011055832
0.95909345,0.053067993,0.9416805,0.0011055832
0.958817,0.053344388,0.9414041,0.0011055832
0.9585406,0.053620785,0.9411277,0.0011055832
0.95826423,0.05389718,0.9408513,0.0011055832
0.95798784,0.054173578,0.9405749,0.0011055832
0.95771146,0.05444997,0.9402985,0.0011055832
0.9574351,0.05472637,0.9400221,0.0011055832
0.9571586,0.055279158,0.93946934,0.0011055832
0.95688224,0.055555556,0.93919295,0.0011055832
0.95660585,0.05583195,0.9389165,0.0011055832
0.95632946,0.056108348,0.9386401,0.0011055832
0.9560531,0.056384742,0.93836373,0.0011055832
0.9557767,0.05666114,0.93808734,0.0011055832
0.9555003,0.056937534,0.93781096,0.0011055832
0.95522386,0.05721393,0.9375346,0.0011055832
0.9549475,0.057490326,0.9372581,0.0011055832
0.9546711,0.05776672,0.93698174,0.0011055832
0.9543947,0.05804312,0.93670535,0.0011055832
0.9541183,0.058319513,0.93642896,0.0011055832
0.9538419,0.05859591,0.9361526,0.0011055832
0.9535655,0.058872305,0.9358762,0.0011055832
0.9532891,0.059148703,0.9355998,0.0011055832
0.9530127,0.059425097,0.93532336,0.0011055832
0.9527363,0.05970149,0.935047,0.0011055832
0.95245993,0.05997789,0.9347706,0.0011055832
0.95218354,0.060807075,0.9339414,0.0011055832
0.95190716,0.061083473,0.93366504,0.0011055832
0.9516307,0.061359867,0.9333886,0.0011055832
0.9513543,0.06163626,0.9331122,0.0011055832
0.95107794,0.06191266,0.9328358,0.0011055832
0.95080155,0.062189054,0.93255943,0.0011055832
0.95052516,0.06246545,0.93228304,0.0011055832
0.9502488,0.062741846,0.93200666,0.0011055832
0.94997233,0.06301824,0.9317302,0.0011055832
0.94969594,0.063294634,0.9314538,0.0011055832
0.94941956,0.063571036,0.93117744,0.0011055832
0.9491432,0.06384743,0.93090105,0.0011055832
0.9488668,0.064123824,0.93062466,0.0011055832
0.9485904,0.06440022,0.9303483,0.0011055832
0.948314,0.06467662,0.9300719,0.0011055832
0.94803756,0.064953014,0.92979544,0.0011055832
0.9477612,0.06522941,0.92951906,0.0011055832
0.9474848,0.0655058,0.9292427,0.0011055832
0.9472084,0.0660586,0.9286899,0.0011055832
0.946932,0.067993365,0.92675513,0.0011055832
0.94665563,0.06854616,0.9259259,0.0011055832
0.94637924,0.068822555,0.9256495,0.0011055832
0.9461028,0.06909895,0.92537314,0.0011055832
0.9458264,0.06965174,0.92482036,0.0011055832
0.94555,0.06992814,0.9245439,0.0011055832
0.94527364,0.07020453,0.92426753,0.0011055832
0.94499725,0.07048093,0.92399114,0.0011055832
0.94472086,0.07075732,0.92371476,0.0011055832
0.9444444,0.07103372,0.9234384,0.0011055832
0.94416803,0.07131012,0.923162,0.0011055832
0.94389164,0.071862906,0.92260915,0.0011055832
0.94361526,0.0721393,0.92233276,0.0011055832
0.9433389,0.0724157,0.9220564,0.0011055832
0.9430625,0.07352128,0.9145937,0.0049751243
0.9427861,0.07379768,0.9143173,0.0049751243
0.94250965,0.074074075,0.9140409,0.0049751243
0.94223326,0.07462686,0.9134881,0.0049751243
0.9419569,0.074903265,0.9132117,0.0049751243
0.9416805,0.07517966,0.9129353,0.0049751243
0.9414041,0.07545605,0.91265893,0.0049751243
0.9411277,0.07573245,0.91238254,0.0049751243
0.9408513,0.07600884,0.91210616,0.0049751243
0.9405749,0.07656164,0.9115533,0.0049751243
0.9402985,0.07683803,0.91127694,0.0049751243
0.9400221,0.077114426,0.91100055,0.0049751243
0.9397457,0.07766722,0.90989494,0.0049751243
0.93946934,0.077943616,0.90961856,0.0049751243
0.93919295,0.080154784,0.907131,0.0049751243
0.9389165,0.08043118,0.9068546,0.0049751243
0.9386401,0.08070757,0.90657824,0.0049751243
0.93836373,0.08098397,0.9063018,0.0049751243
0.93808734,0.08126037,0.9060254,0.0049751243
0.93781096,0.08181316,0.90547264,0.0049751243
0.9375346,0.08208955,0.90519625,0.0049751243
0.9372581,0.082365945,0.90491986,0.0049751243
0.93698174,0.08264235,0.9046435,0.0049751243
0.93670535,0.08347153,0.90381426,0.0049751243
0.93642896,0.08374792,0.90353787,0.0049751243
0.9361526,0.084024325,0.9032615,0.0049751243
0.9358762,0.08430072,0.9029851,0.0049751243
0.9355998,0.08457711,0.90270865,0.0049751243
0.93532336,0.08485351,0.90243226,0.0049751243
0.935047,0.08485351,0.90243226,0.0049751243
0.9347706,0.08512991,0.9021559,0.0049751243
0.9344942,0.0856827,0.9016031,0.0049751243
0.9342178,0.08595909,0.9013267,0.0049751243
0.9339414,0.08651189,0.9007739,0.0049751243
0.93366504,0.08678828,0.9004975,0.0049751243
0.9333886,0.087064676,0.9002211,0.0049751243
0.9331122,0.08734107,0.8999447,0.0049751243
0.9328358,0.08761747,0.89966834,0.0049751243
0.93255943,0.08817026,0.89911556,0.0049751243
0.93228304,0.08872305,0.8985627,0.0049751243
0.93200666,0.08899945,0.89828634,0.0049751243
0.9317302,0.089275844,0.89800996,0.0049751243
0.9314538,0.08955224,0.89773357,0.0049751243
0.93117744,0.09038143,0.89690435,0.0049751243
0.93090105,0.09065782,0.89662796,0.0049751243
0.93062466,0.09093422,0.8963516,0.0049751243
0.9303483,0.09121061,0.8960752,0.0049751243
0.9300719,0.09148701,0.8957988,0.0049751243
0.92979544,0.09176341,0.8955224,0.0049751243
0.92951906,0.0920398,0.89524597,0.0049751243
0.9292427,0.092316195,0.8949696,0.0049751243
0.9289663,0.09259259,0.8946932,0.0049751243
0.9286899,0.09286899,0.8944168,0.0049751243
0.9284135,0.093145385,0.8941404,0.0049751243
0.92813706,0.09342178,0.89386404,0.0049751243
0.9278607,0.093698174,0.8935876,0.0049751243
0.9275843,0.09397457,0.8933112,0.0049751243
0.9273079,0.09425097,0.8930348,0.0049751243
0.9270315,0.094527364,0.8927584,0.0049751243
0.92675513,0.09480376,0.89248204,0.0049751243
0.92647874,0.09508015,0.89220566,0.0049751243
0.9262023,0.095356554,0.89192927,0.0049751243
0.9259259,0.09563295,0.8916528,0.0049751243
0.9256495,0.09590934,0.89137644,0.0049751243
0.92537314,0.09618574,0.89110005,0.0049751243
0.92509675,0.09646213,0.89110005,0.0046987287
0.92482036,0.09673853,0.89082366,0.0046987287
0.9245439,0.09701493,0.8905473,0.0046987287
0.92426753,0.09729132,0.8902709,0.0046987287
0.92399114,0.09784412,0.88971806,0.0046987287
0.92371476,0.098396905,0.8886125,0.0046987287
0.9234384,0.0986733,0.8883361,0.0046987287
0.923162,0.09977888,0.8869541,0.0046987287
0.9228856,0.10005528,0.88667774,0.0046987287
0.92260915,0.10033167,0.88640136,0.0046987287
0.92233276,0.10060807,0.8861249,0.0046987287
0.9220564,0.10088447,0.8858485,0.0046987287
0.92178,0.10116086,0.88557214,0.0046987287
0.9215036,0.101437256,0.88529575,0.0046987287
0.9212272,0.10171366,0.88501936,0.0046987287
0.92095083,0.10199005,0.884743,0.0046987287
0.9206744,0.102819234,0.883361,0.0046987287
0.920398,0.103095636,0.8830846,0.0046987287
0.9201216,0.10337203,0.8828082,0.0046987287
0.9198452,0.103648424,0.88253176,0.0046987287
0.91956884,0.10392482,0.8822554,0.0046987287
0.91929245,0.10420121,0.881979,0.0046987287
0.919016,0.104477614,0.8817026,0.0046987287
0.9187396,0.10475401,0.8814262,0.0046987287
0.91846323,0.1050304,0.8811498,0.0046987287
0.91818684,0.1053068,0.8808734,0.0046987287
0.91791046,0.1055832,0.880597,0.0046987287
0.91763407,0.10585959,0.8803206,0.0046987287
0.9173577,0.10613599,0.8800442,0.0046987287
0.91708124,0.10641238,0.87976784,0.0046987287
0.91680485,0.10724157,0.8789386,0.0046987287
0.91652846,0.107517965,0.8786622,0.0046987287
0.9162521,0.10779436,0.87838584,0.0046987287
0.9159757,0.10807076,0.87810946,0.0046987287
0.9156993,0.108347155,0.87783307,0.0046987287
0.91542286,0.10862355,0.8775567,0.0046987287
0.91514647,0.10889994,0.8772803,0.0046987287
0.9148701,0.10917634,0.87700385,0.0046987287
0.9145937,0.10945274,0.87672746,0.0046987287
0.9143173,0.10972913,0.8764511,0.0046987287
0.9140409,0.11000553,0.8761747,0.0046987287
0.91376454,0.11028192,0.8758983,0.0046987287
0.9134881,0.110558316,0.8756219,0.0046987287
0.9132117,0.11083472,0.87534547,0.0046987287
0.9129353,0.11111111,0.8750691,0.0046987287
0.91265893,0.111387506,0.8747927,0.0046987287
0.91238254,0.1116639,0.8745163,0.0046987287
0.91210616,0.1119403,0.8742399,0.0046987287
0.91182977,0.112216696,0.87396353,0.0046987287
0.9115533,0.11249309,0.87368715,0.0046987287
0.91127694,0.112769485,0.8734107,0.0046987287
0.91100055,0.11304588,0.8734107,0.0044223326
0.91072416,0.11332228,0.8731343,0.0044223326
0.9104478,0.113598675,0.8728579,0.0044223326
0.9101714,0.11387507,0.87258154,0.0044223326
0.90989494,0.11442786,0.87202877,0.0044223326
0.90961856,0.11470426,0.8717523,0.0044223326
0.90934217,0.11498065,0.87147593,0.0044223326
0.9090658,0.11525705,0.87119955,0.0044223326
0.9087894,0.11553344,0.87092316,0.0044223326
0.908513,0.11580984,0.8706468,0.0044223326
0.9082366,0.11608624,0.8703704,0.0044223326
0.9079602,0.11636263,0.870094,0.0044223326
0.9076838,0.116639026,0.86981755,0.0044223326
0.9074074,0.11691542,0.86954117,0.0044223326
0.907131,0.11719182,0.8692648,0.0044223326
0.9068546,0.117468216,0.8689884,0.0044223326
0.90657824,0.11774461,0.868712,0.0044223326
0.9063018,0.118021004,0.8684356,0.0044223326
0.9060254,0.118021004,0.8684356,0.0044223326
0.905749,0.118297406,0.8681592,0.0044223326
0.90547264,0.1185738,0.8678828,0.0044223326
0.90519625,0.118850194,0.8676064,0.0044223326
0.90491986,0.11912659,0.86733,0.0044223326
0.9046435,0.11940298,0.8670536,0.0044223326
0.904367,0.119679384,0.86677724,0.0044223326
0.90409064,0.11995578,0.86650085,0.0044223326
0.90381426,0.12023217,0.8662244,0.0044223326
0.90353787,0.12050857,0.8662244,0.004145937
0.9032615,0.12078496,0.865948,0.004145937
0.9029851,0.12106136,0.86567163,0.004145937
0.90270865,0.12133776,0.86539525,0.004145937
0.90243226,0.12161415,0.86511886,0.004145937
0.9021559,0.121890545,0.8648425,0.004145937
0.9018795,0.12216695,0.8645661,0.004145937
0.9016031,0.12244334,0.86428964,0.004145937
0.9013267,0.122719735,0.86401325,0.004145937
0.9010503,0.12437811,0.8618021,0.004145937
0.9007739,0.1246545,0.8615257,0.004145937
0.9004975,0.12520729,0.86097294,0.004145937
0.9002211,0.12548369,0.8606965,0.004145937
0.8999447,0.1257601,0.8604201,0.004145937
0.89966834,0.12603648,0.8601437,0.004145937
0.89939195,0.12631288,0.85986733,0.004145937
0.89911556,0.12658927,0.85959095,0.004145937
0.8988391,0.12686567,0.85931456,0.004145937
0.8985627,0.12714207,0.8590381,0.004145937
0.89828634,0.12741846,0.8587617,0.004145937
0.89800996,0.12769486,0.85848534,0.004145937
0.89773357,0.12797126,0.85820895,0.004145937
0.8974572,0.12824765,0.85793257,0.004145937
0.89718074,0.12852405,0.8576562,0.004145937
0.89690435,0.12880044,0.8573798,0.004145937
0.89662796,0.12907684,0.85710335,0.004145937
0.8963516,0.12935324,0.85682696,0.004145937
0.8960752,0.12990603,0.8557214,0.004145937
0.8957988,0.13018242,0.85544497,0.004145937
0.8955224,0.13045882,0.8551686,0.004145937
0.89524597,0.13073522,0.8548922,0.004145937
0.8949696,0.1310116,0.8546158,0.004145937
0.8946932,0.131288,0.8543394,0.004145937
0.8944168,0.1315644,0.85406303,0.004145937
0.8941404,0.1318408,0.85378665,0.004145937
0.89386404,0.1321172,0.8535102,0.004145937
0.8935876,0.13266999,0.8529574,0.004145937
0.8933112,0.13294637,0.85268104,0.004145937
0.8930348,0.13405196,0.8504699,0.004145937
0.8927584,0.13488115,0.8493643,0.004145937
0.89248204,0.13515754,0.8490879,0.004145937
0.89220566,0.13543394,0.8488115,0.004145937
0.89192927,0.13571034,0.8485351,0.004145937
0.8916528,0.13598673,0.84825873,0.004145937
0.89137644,0.13626313,0.8479823,0.004145937
0.89110005,0.13653952,0.8477059,0.004145937
0.89082366,0.13681592,0.8474295,0.004145937
0.8905473,0.13709232,0.8471531,0.004145937
0.8902709,0.13736871,0.84687674,0.004145937
0.88999444,0.13764511,0.84660035,0.004145937
0.88971806,0.1379215,0.8463239,0.004145937
0.88944167,0.1381979,0.8460475,0.004145937
0.8891653,0.1381979,0.8460475,0.004145937
0.8888889,0.13875069,0.84549475,0.004145937
0.8886125,0.13902709,0.84521836,0.004145937
0.8883361,0.13930348,0.844942,0.004145937
0.8880597,0.13957988,0.8446656,0.004145937
0.8877833,0.13985628,0.84438914,0.004145937
0.8875069,0.14013267,0.84411275,0.004145937
0.8872305,0.14040907,0.84383637,0.004145937
0.8869541,0.14068547,0.84356,0.004145937
0.88667774,0.14096186,0.8432836,0.004145937
0.88640136,0.14123826,0.8430072,0.004145937
0.8861249,0.14151464,0.8427308,0.004145937
0.8858485,0.14179105,0.8424544,0.004145937
0.88557214,0.14206745,0.842178,0.004145937
0.88529575,0.14234383,0.8419016,0.004145937
0.88501936,0.14262024,0.8416252,0.004145937
0.884743,0.14317302,0.840796,0.004145937
0.8844665,0.14344943,0.8405196,0.004145937
0.88419014,0.14372581,0.8402432,0.004145937
0.88391376,0.14372581,0.8402432,0.004145937
0.88363737,0.14400221,0.83996683,0.004145937
0.883361,0.1442786,0.83969045,0.004145937
0.8830846,0.144555,0.83941406,0.004145937
0.8828082,0.1448314,0.8391377,0.004145937
0.88253176,0.14510779,0.8388612,0.004145937
0.8822554,0.14538419,0.83858484,0.004145937
0.881979,0.14566058,0.83830845,0.004145937
0.8817026,0.14593698,0.83803207,0.004145937
0.8814262,0.14621338,0.8377557,0.004145937
0.8811498,0.14648977,0.8374793,0.004145937
0.8808734,0.14648977,0.8374793,0.004145937
0.880597,0.14704256,0.83692646,0.004145937
0.8803206,0.15312327,0.827529,0.004145937
0.8800442,0.15395246,0.82587063,0.004145937
0.87976784,0.15422885,0.82559425,0.004145937
0.87949145,0.15450525,0.82531786,0.004145937
0.87921506,0.15478165,0.8250415,0.004145937
0.8789386,0.15505804,0.8247651,0.004145937
0.8786622,0.15533444,0.82448864,0.004145937
0.87838584,0.15588723,0.82448864,0.004145937
0.87810946,0.15616363,0.82421225,0.004145937
0.87783307,0.15644002,0.82421225,0.004145937
0.8775567,0.15699281,0.8236595,0.004145937
0.8772803,0.15726921,0.8233831,0.004145937
0.87700385,0.15754561,0.8231067,0.004145937
0.87672746,0.157822,0.8228303,0.004145937
0.8764511,0.1580984,0.8228303,0.004145937
0.8761747,0.15837479,0.8225539,0.004145937
0.8758983,0.15865119,0.8222775,0.004145937
0.8756219,0.15892759,0.8220011,0.004145937
0.87534547,0.15920398,0.8217247,0.004145937
0.8750691,0.15948038,0.8214483,0.004145937
0.8747927,0.15975676,0.82117194,0.004145937
0.8745163,0.16030957,0.8206191,0.004145937
0.8742399,0.16030957,0.8206191,0.004145937
0.87396353,0.16058595,0.8203427,0.004145937
0.87368715,0.16086236,0.82006633,0.004145937
0.8734107,0.16141514,0.81951356,0.004145937
0.8731343,0.16169155,0.8192372,0.004145937
0.8728579,0.16196793,0.8189607,0.004145937
0.87258154,0.16224433,0.81868434,0.004145937
0.87230515,0.16252074,0.81840795,0.004145937
0.87202877,0.16279712,0.81813157,0.004145937
0.8717523,0.16334991,0.8175788,0.004145937
0.87147593,0.16362631,0.8173024,0.004145937
0.87119955,0.16390271,0.81702596,0.004145937
0.87092316,0.1644555,0.8164732,0.004145937
0.8706468,0.16473189,0.8161968,0.004145937
0.8703704,0.16500829,0.8159204,0.004145937
0.870094,0.1652847,0.815644,0.004145937
0.86981755,0.16556108,0.8153676,0.004145937
0.86954117,0.16583748,0.8150912,0.004145937
0.8692648,0.16611387,0.8148148,0.004145937
0.8689884,0.16639027,0.8145384,0.004145937
0.868712,0.16666667,0.81426203,0.004145937
0.8684356,0.16694306,0.81398565,0.004145937
0.8681592,0.16721946,0.81370926,0.004145937
0.8678828,0.16749585,0.8134328,0.004145937
0.8676064,0.16777225,0.8131564,0.004145937
0.86733,0.16804865,0.8131564,0.004145937
0.8670536,0.16832504,0.81288004,0.004145937
0.86677724,0.16860144,0.81260365,0.004145937
0.86650085,0.16887784,0.81232727,0.004145937
0.8662244,0.16915423,0.8120509,0.004145937
0.865948,0.16943063,0.81177443,0.004145937
0.86567163,0.16970702,0.81149805,0.004145937
0.86539525,0.1705362,0.8106689,0.004145937
0.86511886,0.1708126,0.8103925,0.004145937
0.8648425,0.171089,0.8101161,0.004145937
0.8645661,0.1713654,0.80983967,0.004145937
0.86428964,0.1716418,0.8095633,0.004145937
0.86401325,0.17191818,0.8092869,0.004145937
0.86373687,0.17219459,0.8090105,0.004145937
0.8634605,0.17247097,0.8090105,0.004145937
0.8631841,0.17274737,0.8087341,0.004145937
0.8629077,0.17302378,0.80845773,0.004145937
0.86263126,0.17330016,0.8081813,0.004145937
0.8623549,0.17357656,0.8079049,0.004145937
0.8620785,0.17385295,0.8076285,0.004145937
0.8618021,0.17385295,0.8076285,0.004145937
0.8615257,0.17412935,0.8073521,0.004145937
0.8612493,0.17440575,0.80707574,0.004145937
0.86097294,0.17495854,0.80569375,0.004145937
0.8606965,0.17523494,0.80541736,0.004145937
0.8604201,0.17551133,0.805141,0.004145937
0.8601437,0.17578773,0.8048646,0.004145937
0.85986733,0.17606412,0.8045882,0.004145937
0.85959095,0.17661692,0.803759,0.004145937
0.85931456,0.17689331,0.8034826,0.004145937
0.8590381,0.17716971,0.8032062,0.004145937
0.8587617,0.1774461,0.8029298,0.004145937
0.85848534,0.1777225,0.8026534,0.004145937
0.85820895,0.1779989,0.802377,0.004145937
0.85793257,0.17855169,0.80099505,0.004145937
0.8576562,0.17882808,0.8007186,0.004145937
0.8573798,0.17938088,0.80016583,0.004145937
0.85710335,0.17965727,0.79988945,0.004145937
0.85682696,0.17993367,0.79961306,0.004145937
0.8565506,0.18021005,0.7993367,0.004145937
0.8562742,0.18048646,0.7990602,0.004145937
0.8559978,0.18103924,0.79850745,0.004145937
0.8557214,0.18131565,0.79823107,0.004145937
0.85544497,0.18159205,0.79823107,0.004145937
0.8551686,0.18242122,0.79712546,0.004145937
0.8548922,0.18269762,0.7968491,0.004145937
0.8546158,0.18297403,0.7965727,0.004145937
0.8543394,0.18325041,0.7962963,0.004145937
0.85406303,0.184356,0.79436153,0.004145937
0.85378665,0.18463239,0.79408514,0.004145937
0.8535102,0.18573798,0.79297954,0.004145937
0.8532338,0.18601437,0.79270315,0.004145937
0.8529574,0.18629077,0.79242676,0.004145937
0.85268104,0.18629077,0.79242676,0.004145937
0.85240465,0.18656716,0.7921504,0.004145937
0.85212827,0.18684356,0.791874,0.004145937
0.8518519,0.18711996,0.79159755,0.004145937
0.85157543,0.18739635,0.79132116,0.004145937
0.85129905,0.18767275,0.7910448,0.004145937
0.85102266,0.18794914,0.7907684,0.004145937
0.8507463,0.18822554,0.7907684,0.004145937
0.8504699,0.18850194,0.790492,0.004145937
0.8501935,0.18877833,0.7902156,0.004145937
0.84991705,0.18905473,0.78993917,0.004145937
0.84964067,0.18933113,0.7896628,0.004145937
0.8493643,0.18960752,0.7893864,0.004145937
0.8490879,0.18988392,0.78911,0.004145937
0.8488115,0.19071311,0.78828084,0.004145937
0.8485351,0.1909895,0.7880044,0.004145937
0.84825873,0.1912659,0.787728,0.004145937
0.8479823,0.19181868,0.78717524,0.004145937
0.8477059,0.19209509,0.78689885,0.004145937
0.8474295,0.19237147,0.78662246,0.004145937
0.8471531,0.19264787,0.786346,0.004145937
0.84687674,0.19292426,0.78606963,0.004145937
0.84660035,0.19320066,0.78579324,0.004145937
0.8463239,0.19347706,0.78551686,0.004145937
0.8460475,0.19375345,0.7852405,0.004145937
0.84577113,0.19430624,0.7846877,0.004145937
0.84549475,0.19458264,0.78441125,0.004145937
0.84521836,0.19485904,0.78413486,0.004145937
0.844942,0.19513543,0.7838585,0.004145937
0.8446656,0.19541183,0.7835821,0.004145937
0.84438914,0.19568823,0.7833057,0.004145937
0.84411275,0.19596462,0.7830293,0.004145937
0.84383637,0.19624102,0.78275293,0.004145937
0.84356,0.19651741,0.78275293,0.004145937
0.8432836,0.19679381,0.7824765,0.004145937
0.8430072,0.19707021,0.7822001,0.004145937
0.8427308,0.1973466,0.7819237,0.004145937
0.8424544,0.197623,0.7819237,0.004145937
0.842178,0.19789939,0.7816473,0.004145937
0.8419016,0.19817579,0.78137094,0.004145937
0.8416252,0.19845219,0.78109455,0.004145937
0.8413488,0.19872858,0.7808181,0.004145937
0.84107244,0.20011055,0.7791598,0.004145937
0.840796,0.20038696,0.77888334,0.004145937
0.8405196,0.20066334,0.77860695,0.004145937
0.8402432,0.20093974,0.77833056,0.004145937
0.83996683,0.20149253,0.7777778,0.004145937
0.83969045,0.20176893,0.7775014,0.004145937
0.83941406,0.20204532,0.77722496,0.004145937
0.8391377,0.20232172,0.7769486,0.004145937
0.8388612,0.20259812,0.7766722,0.004145937
0.83858484,0.20315091,0.775843,0.004145937
0.83830845,0.20342731,0.77556664,0.004145937
0.83803207,0.2037037,0.7752902,0.004145937
0.8377557,0.2039801,0.7750138,0.004145937
0.8374793,0.20425649,0.7747374,0.004145937
0.83720285,0.20453289,0.77446103,0.004145937
0.83692646,0.2048093,0.77418464,0.004145937
0.8366501,0.20508568,0.77390826,0.004145937
0.8363737,0.20536208,0.77390826,0.004145937
0.8360973,0.20563847,0.7736318,0.004145937
0.8358209,0.20591487,0.7733554,0.004145937
0.8355445,0.20840243,0.7689331,0.004145937
0.8352681,0.20867883,0.76865673,0.004145937
0.8349917,0.20895523,0.76838034,0.004145937
0.8347153,0.20923162,0.7681039,0.004145937
0.8344389,0.20950802,0.7678275,0.004145937
0.83416253,0.20978442,0.7675511,0.004145937
0.83388615,0.2100608,0.76727474,0.004145937
0.8336097,0.2103372,0.76699835,0.004145937
0.8333333,0.2106136,0.76672196,0.004145937
0.8330569,0.21089,0.7664456,0.004145937
0.83278054,0.2111664,0.76616913,0.004145937
0.83250415,0.21144278,0.76616913,0.004145937
0.83222777,0.21254838,0.7650636,0.004145937
0.8319514,0.21282476,0.7647872,0.004145937
0.83167493,0.21310116,0.7647872,0.004145937
0.83139855,0.21337755,0.76451075,0.004145937
0.83112216,0.21365395,0.76423436,0.004145937
0.8308458,0.21365395,0.76423436,0.004145937
0.8305694,0.21420674,0.7634052,0.004145937
0.830293,0.21448314,0.7631288,0.004145937
0.8300166,0.21475953,0.76285243,0.004145937
0.82974017,0.21503593,0.76285243,0.004145937
0.8294638,0.21531233,0.762576,0.004145937
0.8291874,0.21558872,0.7622996,0.004145937
0.828911,0.21586512,0.7620232,0.004145937
0.8286346,0.21641791,0.76147044,0.004145937
0.82835823,0.21669431,0.76119405,0.004145937
0.8280818,0.2172471,0.76036483,0.004145937
0.8278054,0.2175235,0.76008844,0.004145937
0.827529,0.21779989,0.75981206,0.004145937
0.8272526,0.21807629,0.7595357,0.004145937
0.82697624,0.21835268,0.7592593,0.004145937
0.82669985,0.21862908,0.75898284,0.004145937
0.82642347,0.21890548,0.75870645,0.004145937
0.826147,0.21918187,0.75870645,0.004145937
0.82587063,0.21973465,0.7576009,0.004145937
0.82559425,0.22001106,0.7573245,0.004145937
0.82531786,0.22028746,0.7573245,0.004145937
0.8250415,0.22056384,0.7570481,0.004145937
0.8247651,0.22084025,0.7570481,0.004145937
0.82448864,0.22111663,0.7567717,0.004145937
0.82421225,0.22166944,0.7562189,0.004145937
0.82393587,0.22194582,0.7559425,0.004145937
0.8236595,0.22222222,0.7559425,0.004145937
0.8233831,0.22222222,0.7559425,0.004145937
0.8231067,0.22222222,0.7559425,0.004145937
0.8228303,0.22249861,0.75566614,0.004145937
0.8225539,0.22277501,0.7553897,0.004145937
0.8222775,0.22305141,0.7551133,0.004145937
0.8220011,0.2233278,0.7548369,0.004145937
0.8217247,0.2236042,0.75456053,0.004145937
0.8214483,0.2238806,0.75428414,0.004145937
0.82117194,0.22415699,0.75400776,0.004145937
0.8208955,0.22443339,0.75373137,0.004145937
0.8206191,0.22498618,0.75317854,0.004145937
0.8203427,0.22526258,0.75290215,0.004145937
0.82006633,0.22553897,0.75262576,0.004145937
0.81978995,0.22581537,0.7523494,0.004145937
0.81951356,0.22609176,0.752073,0.004145937
0.8192372,0.22636816,0.75179654,0.004145937
0.8189607,0.22664456,0.75152016,0.004145937
0.81868434,0.22692095,0.75124377,0.004145937
0.81840795,0.22719735,0.7509674,0.004145937
0.81813157,0.22747374,0.750691,0.004145937
0.8178552,0.22775014,0.7504146,0.004145937
0.8175788,0.22802654,0.7501382,0.004145937
0.8173024,0.22857933,0.7490326,0.004145937
0.81702596,0.22885571,0.74875623,0.004145937
0.8167496,0.22913212,0.74847984,0.004145937
0.8164732,0.22940852,0.74820346,0.004145937
0.8161968,0.2296849,0.747927,0.004145937
0.8159204,0.2299613,0.7476506,0.004145937
0.815644,0.2299613,0.7476506,0.004145937
0.8153676,0.23300166,0.7437811,0.004145937
0.8150912,0.23327805,0.7435047,0.004145937
0.8148148,0.23383084,0.7429519,0.004145937
0.8145384,0.23410724,0.7426755,0.004145937
0.81426203,0.23521282,0.74129355,0.004145937
0.81398565,0.23548922,0.74101716,0.004145937
0.81370926,0.23576562,0.7407407,0.004145937
0.8134328,0.23604201,0.7404643,0.004145937
0.8131564,0.2368712,0.73963517,0.004145937
0.81288004,0.2371476,0.7393588,0.004145937
0.81260365,0.23742399,0.73908234,0.004145937
0.81232727,0.23797679,0.73852956,0.004145937
0.8120509,0.23825318,0.7382532,0.004145937
0.81177443,0.23852958,0.7379768,0.004145937
0.81149805,0.23908237,0.737424,0.004145937
0.81122166,0.23935877,0.73714757,0.004145937
0.8109453,0.23963515,0.7368712,0.004145937
0.8106689,0.23991156,0.7365948,0.004145937
0.8103925,0.24018794,0.7363184,0.004145937
0.8101161,0.24046434,0.736042,0.004145937
0.80983967,0.24074075,0.73576564,0.004145937
0.8095633,0.24101713,0.73548925,0.004145937
0.8092869,0.24156992,0.7349364,0.004145937
0.8090105,0.24184632,0.73466,0.004145937
0.8087341,0.24212272,0.73438364,0.004145937
0.80845773,0.24239911,0.73410726,0.004145937
0.8081813,0.2429519,0.73410726,0.004145937
0.8079049,0.2429519,0.73410726,0.004145937
0.8076285,0.2432283,0.73383087,0.004145937
0.8073521,0.2435047,0.7335544,0.004145937
0.80707574,0.24378109,0.73327804,0.004145937
0.80679935,0.24405749,0.73300165,0.004145937
0.80652297,0.2443339,0.73272526,0.004145937
0.8062465,0.24461028,0.7324489,0.004145937
0.80597013,0.24488668,0.7324489,0.004145937
0.80569375,0.24516307,0.7321725,0.004145937
0.80541736,0.24543947,0.7318961,0.004145937
0.805141,0.24599226,0.73134327,0.004145937
0.8048646,0.24626866,0.7310669,0.004145937
0.8045882,0.24654505,0.7307905,0.004145937
0.80431175,0.24765064,0.7294085,0.004145937
0.80403537,0.24792702,0.7291321,0.004145937
0.803759,0.24792702,0.7291321,0.004145937
0.8034826,0.24820343,0.7288557,0.004145937
0.8032062,0.24847983,0.72857934,0.004145937
0.8029298,0.24875621,0.72830296,0.004145937
0.8026534,0.24903262,0.7280265,0.004145937
0.802377,0.249309,0.7277501,0.004145937
0.8021006,0.2498618,0.72719735,0.004145937
0.8018242,0.2501382,0.72692096,0.004145937
0.8015478,0.25041458,0.7266446,0.004145937
0.80127144,0.25041458,0.7266446,0.004145937
0.80099505,0.250691,0.7263682,0.004145937
0.8007186,0.25096738,0.72609174,0.004145937
0.8004422,0.25124377,0.72581536,0.004145937
0.80016583,0.2515202,0.72553897,0.004145937
0.79988945,0.25207296,0.7249862,0.004145937
0.79961306,0.25234938,0.7249862,0.004145937
0.7993367,0.25345495,0.7238806,0.004145937
0.7990602,0.25428414,0.7230514,0.004145937
0.79878384,0.25428414,0.7230514,0.004145937
0.79850745,0.25456053,0.72277504,0.004145937
0.79823107,0.25483692,0.7224986,0.004145937
0.7979547,0.25511333,0.7222222,0.004145937
0.7976783,0.25538972,0.7219458,0.004145937
0.7974019,0.2556661,0.72166944,0.004145937
0.79712546,0.25594252,0.72139305,0.004145937
0.7968491,0.2562189,0.72111666,0.004145937
0.7965727,0.2564953,0.7208402,0.004145937
0.7962963,0.25677168,0.7205638,0.004145937
0.7960199,0.2570481,0.72028744,0.004145937
0.7957435,0.25760087,0.71973467,0.004145937
0.79546714,0.2578773,0.7194583,0.004145937
0.7951907,0.25815368,0.7191819,0.004145937
0.7949143,0.25843006,0.71890545,0.004145937
0.7946379,0.25898287,0.7183527,0.004145937
0.79436153,0.25925925,0.7180763,0.004145937
0.79408514,0.25953564,0.7177999,0.004145937
0.79380876,0.25981206,0.7175235,0.004145937
0.7935323,0.25981206,0.7175235,0.004145937
0.7932559,0.26036483,0.7169707,0.004145937
0.79297954,0.26064125,0.7166943,0.004145937
0.79270315,0.26064125,0.7166943,0.004145937
0.79242676,0.26091763,0.7164179,0.004145937
0.7921504,0.26119402,0.7161415,0.004145937
0.791874,0.26147044,0.71586514,0.004145937
0.79159755,0.2620232,0.71310115,0.004145937
0.79132116,0.26229963,0.71282476,0.004145937
0.7910448,0.262576,0.7125484,0.004145937
0.7907684,0.2628524,0.712272,0.004145937
0.790492,0.2631288,0.7119956,0.004145937
0.7902156,0.2634052,0.7119956,0.004145937
0.78993917,0.2636816,0.71171916,0.004145937
0.7896628,0.26395798,0.71144277,0.004145937
0.7893864,0.2642344,0.71144277,0.004145937
0.78911,0.26451078,0.7111664,0.004145937
0.7888336,0.26478717,0.7111664,0.004145937
0.78855723,0.26506358,0.71089,0.004145937
0.78828084,0.26533997,0.7106136,0.004145937
0.7880044,0.26561636,0.7103372,0.004145937
0.787728,0.26589274,0.71006083,0.004145937
0.7874516,0.26616916,0.7097844,0.004145937
0.78717524,0.26616916,0.7097844,0.004145937
0.78689885,0.26644555,0.709508,0.004145937
0.78662246,0.26810393,0.70702046,0.004145937
0.786346,0.2683803,0.7067441,0.004145937
0.78606963,0.26865673,0.7064677,0.004145937
0.78579324,0.2694859,0.7053621,0.004145937
0.78551686,0.2697623,0.7050857,0.004145937
0.7852405,0.2700387,0.7048093,0.004145937
0.7849641,0.27031508,0.70453286,0.004145937
0.7846877,0.2705915,0.7042565,0.004145937
0.78441125,0.27086788,0.7039801,0.004145937
0.78413486,0.27114427,0.7037037,0.004145937
0.7838585,0.2714207,0.7034273,0.004145937
0.7835821,0.27169707,0.7031509,0.004145937
0.7833057,0.27197346,0.70287454,0.004145937
0.7830293,0.27224985,0.7025981,0.004145937
0.78275293,0.27252626,0.7023217,0.004145937
0.7824765,0.27252626,0.7023217,0.004145937
0.7822001,0.27280265,0.7020453,0.004145937
0.7819237,0.27307904,0.70176893,0.004145937
0.7816473,0.27335545,0.70149255,0.004145937
0.78137094,0.27363184,0.70121616,0.004145937
0.78109455,0.27390823,0.7009398,0.004145937
0.7808181,0.27418464,0.7006633,0.004145937
0.7805417,0.27446103,0.70038694,0.004145937
0.78026533,0.27473742,0.70011055,0.004145937
0.77998894,0.27501383,0.69983417,0.004145937
0.77971256,0.27529022,0.6995578,0.004145937
0.7794362,0.2755666,0.6992814,0.004145937
0.7791598,0.2763958,0.6978994,0.004145937
0.77888334,0.27667218,0.697623,0.004145937
0.77860695,0.277225,0.6965174,0.004145937
0.77833056,0.27805418,0.69568825,0.004145937
0.7780542,0.27833056,0.6954118,0.004145937
0.7777778,0.27860695,0.6951354,0.004145937
0.7775014,0.27860695,0.6951354,0.004145937
0.77722496,0.27888337,0.694859,0.004145937
0.7769486,0.27915975,0.69458264,0.004145937
0.7766722,0.27943614,0.69430625,0.004145937
0.7763958,0.27971256,0.69402987,0.004145937
0.7761194,0.27998894,0.6937535,0.004145937
0.775843,0.28026533,0.69347703,0.004145937
0.77556664,0.28054175,0.69320065,0.004145937
0.7752902,0.28081813,0.69292426,0.004145937
0.7750138,0.28164732,0.6918187,0.004145937
0.7747374,0.2819237,0.69154227,0.004145937
0.77446103,0.2822001,0.6912659,0.004145937
0.77418464,0.2824765,0.6909895,0.004145937
0.77390826,0.2827529,0.6907131,0.004145937
0.7736318,0.2830293,0.6904367,0.004145937
0.7733554,0.2833057,0.69016033,0.004145937
0.77307904,0.2835821,0.6898839,0.004145937
0.77280265,0.28385848,0.6896075,0.004145937
0.77252626,0.2841349,0.6893311,0.004145937
0.7722499,0.28441128,0.6890547,0.004145937
0.7719735,0.28496405,0.6890547,0.004145937
0.77169704,0.28524047,0.68877834,0.004145937
0.77142066,0.28551686,0.68850195,0.004145937
0.7711443,0.28551686,0.68850195,0.004145937
0.7708679,0.28579324,0.68822557,0.004145937
0.7705915,0.28606966,0.6879491,0.004145937
0.7703151,0.28634605,0.68767273,0.004145937
0.7700387,0.28662243,0.68739635,0.004145937
0.7697623,0.28689885,0.68711996,0.004145937
0.7694859,0.28717524,0.6868436,0.004145937
0.7692095,0.28772804,0.68629074,0.004145937
0.7689331,0.28800443,0.68601435,0.004145937
0.76865673,0.2882808,0.68573797,0.004145937
0.76838034,0.2885572,0.6854616,0.004145937
0.7681039,0.28883362,0.6851852,0.004145937
0.7678275,0.2893864,0.6846324,0.004145937
0.7675511,0.2896628,0.684356,0.004145937
0.76727474,0.2899392,0.6840796,0.004145937
0.76699835,0.29021558,0.6838032,0.004145937
0.76672196,0.29076838,0.6832504,0.004145937
0.7664456,0.29104477,0.68297404,0.004145937
0.76616913,0.29132116,0.6826976,0.004145937
0.76589274,0.29187396,0.6826976,0.004145937
0.76561636,0.29215035,0.6824212,0.004145937
0.76534,0.29242676,0.6821448,0.004145937
0.7650636,0.29242676,0.6821448,0.004145937
0.7647872,0.29270315,0.68186843,0.004145937
0.76451075,0.29297954,0.68159205,0.004145937
0.76423436,0.29297954,0.68159205,0.004145937
0.763958,0.29325595,0.68131566,0.004145937
0.7636816,0.29353234,0.6810393,0.004145937
0.7634052,0.29380873,0.6807628,0.004145937
0.7631288,0.29408512,0.68048644,0.004145937
0.76285243,0.29436153,0.68021005,0.004145937
0.762576,0.29463792,0.67993367,0.004145937
0.7622996,0.2949143,0.6796573,0.004145937
0.7620232,0.29519072,0.6793809,0.004145937
0.7617468,0.2954671,0.6791045,0.004145937
0.76147044,0.2957435,0.67882806,0.004145937
0.76119405,0.2957435,0.67882806,0.004145937
0.76091766,0.2960199,0.6785517,0.004145937
0.7606412,0.2965727,0.6779989,0.004145937
0.76036483,0.2968491,0.6777225,0.004145937
0.76008844,0.2971255,0.6774461,0.004145937
0.75981206,0.29740188,0.6771697,0.004145937
0.7595357,0.29740188,0.6771697,0.004145937
0.7592593,0.29767826,0.6768933,0.004145937
0.75898284,0.29767826,0.6768933,0.004145937
0.75870645,0.29795468,0.6766169,0.004145937
0.75843006,0.29850745,0.67606413,0.004145937
0.7581537,0.29933664,0.67468214,0.004145937
0.7578773,0.29961306,0.67440575,0.004145937
0.7576009,0.29988945,0.67412937,0.004145937
0.7573245,0.30016583,0.673853,0.004145937
0.7570481,0.30071864,0.67330015,0.004145937
0.7567717,0.30099502,0.67302376,0.004145937
0.7564953,0.3012714,0.6727474,0.004145937
0.7562189,0.30154783,0.672471,0.004145937
0.7559425,0.30237702,0.669707,0.004145937
0.75566614,0.30486456,0.6652847,0.004145937
0.7553897,0.30541736,0.6647319,0.004145937
0.7551133,0.30569375,0.6644555,0.004145937
0.7548369,0.30597016,0.6641791,0.004145937
0.75456053,0.30624655,0.6639027,0.004145937
0.75428414,0.30652294,0.6636263,0.004145937
0.75400776,0.30679932,0.6633499,0.004145937
0.75373137,0.30707574,0.66307354,0.004145937
0.7534549,0.30735213,0.66279715,0.004145937
0.75317854,0.3076285,0.6625207,0.004145937
0.75290215,0.30790493,0.6622443,0.004145937
0.75262576,0.30818132,0.66196793,0.004145937
0.7523494,0.3084577,0.66169155,0.004145937
0.752073,0.30873412,0.66141516,0.004145937
0.75179654,0.3090105,0.6611388,0.004145937
0.75152016,0.3095633,0.66030955,0.004145937
0.75124377,0.3098397,0.66003317,0.004145937
0.7509674,0.31011608,0.6597568,0.004145937
0.750691,0.31039247,0.6594804,0.004145937
0.7504146,0.3106689,0.659204,0.004145937
0.7501382,0.31288004,0.65588725,0.004145937
0.7498618,0.31343284,0.65588725,0.004145937
0.7495854,0.31398562,0.6553344,0.004145937
0.749309,0.31426203,0.655058,0.004145937
0.7490326,0.31453842,0.65478164,0.004145937
0.74875623,0.3148148,0.65450525,0.004145937
0.74847984,0.31509122,0.65422887,0.004145937
0.74820346,0.3153676,0.6539525,0.004145937
0.747927,0.315644,0.6536761,0.004145937
0.7476506,0.3159204,0.65339965,0.004145937
0.74737424,0.3161968,0.65312326,0.004145937
0.74709785,0.3164732,0.6528469,0.004145937
0.74682146,0.31674957,0.6525705,0.004145937
0.7465451,0.31730238,0.6520177,0.004145937
0.74626863,0.31757876,0.65174127,0.004145937
0.74599224,0.31951353,0.64897734,0.004145937
0.74571586,0.31978995,0.64870095,0.004145937
0.74543947,0.32089552,0.64759535,0.004145937
0.7451631,0.3211719,0.64731896,0.004145937
0.7448867,0.3211719,0.64731896,0.004145937
0.7446103,0.3217247,0.6467662,0.004145937
0.74433386,0.3220011,0.6464898,0.004145937
0.7440575,0.3228303,0.6451078,0.004145937
0.7437811,0.32310668,0.6448314,0.004145937
0.7435047,0.3233831,0.64455503,0.004145937
0.7432283,0.32365948,0.6442786,0.004145937
0.7429519,0.32393587,0.6440022,0.004145937
0.7426755,0.32421228,0.6437258,0.004145937
0.7423991,0.32448867,0.6434494,0.004145937
0.7421227,0.32476506,0.64317304,0.004145937
0.7418463,0.32476506,0.64317304,0.004145937
0.74156994,0.327529,0.63902706,0.004145937
0.74129355,0.32780543,0.6387507,0.004145937
0.74101716,0.32808182,0.6384743,0.004145937
0.7407407,0.33001658,0.6323936,0.004145937
0.7404643,0.33029297,0.6321172,0.004145937
0.74018794,0.3305694,0.6318408,0.004145937
0.73991156,0.33084577,0.6315644,0.004145937
0.73963517,0.33112216,0.631288,0.004145937
0.7393588,0.33139858,0.6310116,0.004145937
0.73908234,0.33167496,0.6307352,0.004145937
0.73880595,0.33195135,0.63045883,0.004145937
0.73852956,0.33222774,0.63018245,0.004145937
0.7382532,0.33250415,0.629906,0.004145937
0.7379768,0.33278054,0.6296296,0.004145937
0.7377004,0.33278054,0.6296296,0.004145937
0.737424,0.33278054,0.6296296,0.004145937
0.73714757,0.33278054,0.6296296,0.004145937
0.7368712,0.33305693,0.6293532,0.004145937
0.7365948,0.33333334,0.62907684,0.004145937
0.7363184,0.33360973,0.62880045,0.004145937
0.736042,0.33388612,0.62852407,0.004145937
0.73576564,0.33416253,0.6282477,0.004145937
0.73548925,0.33443892,0.62797123,0.004145937
0.7352128,0.3347153,0.62769485,0.004145937
0.7349364,0.3349917,0.62741846,0.004145937
0.73466,0.3352681,0.6271421,0.004145937
0.73438364,0.3352681,0.6271421,0.004145937
0.73410726,0.3355445,0.6268657,0.004145937
0.73383087,0.33582088,0.6265893,0.004145937
0.7335544,0.3360973,0.62631285,0.004145937
0.73327804,0.3363737,0.62603647,0.004145937
0.73300165,0.33665007,0.6257601,0.004145937
0.73272526,0.3369265,0.6254837,0.004145937
0.7324489,0.33720288,0.6252073,0.004145937
0.7321725,0.33775568,0.62465453,0.004145937
0.7318961,0.33803207,0.6243781,0.004145937
0.73161966,0.3424544,0.6196794,0.004145937
0.73134327,0.3427308,0.619403,0.004145937
0.7310669,0.34300718,0.619403,0.004145937
0.7307905,0.3432836,0.6191266,0.004145937
0.7305141,0.34383637,0.6185738,0.004145937
0.7302377,0.34411278,0.6182974,0.004145937
0.7299613,0.34438917,0.618021,0.004145937
0.7296849,0.34466556,0.6177446,0.004145937
0.7294085,0.34604755,0.61332226,0.004145937
0.7291321,0.34632394,0.6130459,0.004145937
0.7288557,0.34715313,0.6122167,0.004145937
0.72857934,0.3474295,0.6119403,0.004145937
0.72830296,0.3474295,0.6119403,0.004145937
0.7280265,0.3477059,0.6116639,0.004145937
0.7277501,0.34798232,0.6113875,0.004145937
0.72747374,0.3482587,0.6111111,0.004145937
0.72719735,0.3485351,0.6108347,0.004145937
0.72692096,0.3490879,0.61028194,0.004145937
0.7266446,0.34936428,0.61000556,0.004145937
0.7263682,0.3496407,0.6097291,0.004145937
0.72609174,0.35074627,0.60862356,0.004145937
0.72581536,0.35157546,0.60475403,0.004145937
0.72553897,0.35185185,0.6044776,0.004145937
0.7252626,0.35240465,0.6039248,0.004145937
0.7249862,0.35240465,0.6039248,0.004145937
0.7247098,0.35268104,0.6036484,0.004145937
0.72443336,0.35295743,0.60337204,0.004145937
0.724157,0.35295743,0.60337204,0.004145937
0.7238806,0.35323384,0.60309565,0.004145937
0.7236042,0.35351023,0.60281926,0.004145937
0.7233278,0.35378662,0.6025428,0.004145937
0.7230514,0.3546158,0.60088444,0.004145937
0.72277504,0.3548922,0.60060805,0.004145937
0.7224986,0.3548922,0.60060805,0.004145937
0.7222222,0.3551686,0.60033166,0.004145937
0.7219458,0.355445,0.6000553,0.004145937
0.72166944,0.35572138,0.5997789,0.004145937
0.72139305,0.3559978,0.5995025,0.004145937
0.72111666,0.3562742,0.5992261,0.004145937
0.7208402,0.35655057,0.5989497,0.004145937
0.7205638,0.35710338,0.5983969,0.004145937
0.72028744,0.35737976,0.5981205,0.004145937
0.72001106,0.35737976,0.5981205,0.004145937
0.71973467,0.35765615,0.5978441,0.004145937
0.7194583,0.35793257,0.59756774,0.004145937
0.7191819,0.35820895,0.59729135,0.004145937
0.71890545,0.35848534,0.59729135,0.004145937
0.71862906,0.35876176,0.5970149,0.004145937
0.7183527,0.35876176,0.5970149,0.004145937
0.7180763,0.35903814,0.5967385,0.004145937
0.7177999,0.35931453,0.59646213,0.004145937
0.7175235,0.35959095,0.59618574,0.004145937
0.71724707,0.35959095,0.59618574,0.004145937
0.7169707,0.35986733,0.59590936,0.004145937
0.7166943,0.36014372,0.595633,0.004145937
0.7164179,0.3604201,0.595633,0.004145937
0.7161415,0.36069652,0.5953565,0.004145937
0.71586514,0.3609729,0.59508014,0.004145937
0.71558875,0.3612493,0.59508014,0.004145937
0.7153123,0.3612493,0.59508014,0.004145937
0.7150359,0.3615257,0.59480375,0.004145937
0.7147595,0.3618021,0.59452736,0.004145937
0.71448314,0.3620785,0.594251,0.004145937
0.71420676,0.3623549,0.5939746,0.004145937
0.71393037,0.36290768,0.59342176,0.004145937
0.713654,0.3631841,0.5931454,0.004145937
0.71337754,0.36346048,0.592869,0.004145937
0.71310115,0.36373687,0.5925926,0.004145937
0.71282476,0.36401325,0.5923162,0.004145937
0.7125484,0.36428967,0.5920398,0.004145937
0.712272,0.36456606,0.5917634,0.004145937
0.7119956,0.36484244,0.591487,0.004145937
0.71171916,0.36511886,0.5912106,0.004145937
0.71144277,0.36539525,0.5909342,0.004145937
0.7111664,0.36567163,0.59065783,0.004145937
0.71089,0.36594805,0.59038144,0.004145937
0.7106136,0.36622444,0.59010506,0.004145937
0.7103372,0.36650082,0.5898286,0.004145937
0.71006083,0.36733,0.58899945,0.004145937
0.7097844,0.36788282,0.58899945,0.004145937
0.709508,0.3681592,0.58872306,0.004145937
0.7092316,0.3684356,0.5884467,0.004145937
0.7089552,0.368712,0.58817023,0.004145937
0.70867884,0.36926478,0.58817023,0.004145937
0.70840245,0.36954117,0.58789384,0.004145937
0.708126,0.36981758,0.58761746,0.004145937
0.7078496,0.37009397,0.58734107,0.004145937
0.70757324,0.37037036,0.5870647,0.004145937
0.70729685,0.37064677,0.5867883,0.004145937
0.70702046,0.37092316,0.5865119,0.004145937
0.7067441,0.37119955,0.58623546,0.004145937
0.7064677,0.37147596,0.5859591,0.004145937
0.70619124,0.37175235,0.5856827,0.004145937
0.70591486,0.37230515,0.5851299,0.004145937
0.70563847,0.37258154,0.58485353,0.004145937
0.7053621,0.37285793,0.58457714,0.004145937
0.7050857,0.37313432,0.5843007,0.004145937
0.7048093,0.37341073,0.5843007,0.004145937
0.70453286,0.3753455,0.58236593,0.004145937
0.7042565,0.37562189,0.58208954,0.004145937
0.7039801,0.37589827,0.58181316,0.004145937
0.7037037,0.3761747,0.58153677,0.004145937
0.7034273,0.37645108,0.5812604,0.004145937
0.7031509,0.37672746,0.580984,0.004145937
0.70287454,0.37700388,0.58070755,0.004145937
0.7025981,0.37700388,0.58070755,0.004145937
0.7023217,0.37700388,0.58070755,0.004145937
0.7020453,0.37728027,0.58043116,0.004145937
0.70176893,0.37755665,0.5801548,0.004145937
0.70149255,0.37783307,0.5798784,0.004145937
0.70121616,0.37810946,0.579602,0.004145937
0.7009398,0.37810946,0.579602,0.004145937
0.7006633,0.37838584,0.5793256,0.004145937
0.70038694,0.37866226,0.57904917,0.004145937
0.70011055,0.37893865,0.57904917,0.004145937
0.69983417,0.37921503,0.5787728,0.004145937
0.6995578,0.37949142,0.5784964,0.004145937
0.6992814,0.37976784,0.5784964,0.004145937
0.69900495,0.3803206,0.57766724,0.004145937
0.69872856,0.38059703,0.57766724,0.004145937
0.6984522,0.3808734,0.57739085,0.004145937
0.6981758,0.3811498,0.5771144,0.004145937
0.6978994,0.38142622,0.576838,0.004145937
0.697623,0.38142622,0.576838,0.004145937
0.6973466,0.381979,0.57628524,0.004145937
0.6970702,0.38225538,0.57600886,0.004145937
0.6967938,0.3825318,0.57573247,0.004145937
0.6965174,0.38280818,0.57573247,0.004145937
0.696241,0.38308457,0.5754561,0.004145937
0.69596463,0.38336098,0.57517964,0.004145937
0.69568825,0.38363737,0.57490325,0.004145937
0.6954118,0.38363737,0.57490325,0.004145937
0.6951354,0.38391376,0.57462686,0.004145937
0.694859,0.38419017,0.5743505,0.004145937
0.69458264,0.38474295,0.5737977,0.004145937
0.69430625,0.38501936,0.57352126,0.004145937
0.69402987,0.38557214,0.5729685,0.004145937
0.6937535,0.38612494,0.5724157,0.004145937
0.69347703,0.38695413,0.5715865,0.004145937
0.69320065,0.38695413,0.5715865,0.004145937
0.69292426,0.38723052,0.5713101,0.004145937
0.6926479,0.3875069,0.5710337,0.004145937
0.6923715,0.3883361,0.57020456,0.004145937
0.6920951,0.38861248,0.5699281,0.004145937
0.6918187,0.3888889,0.5696517,0.004145937
0.69154227,0.38916528,0.5696517,0.004145937
0.6912659,0.38944167,0.56937534,0.004145937
0.6909895,0.38999447,0.56882256,0.004145937
0.6907131,0.39027086,0.5685462,0.004145937
0.6904367,0.39110005,0.5671642,0.004145937
0.69016033,0.39137647,0.5668878,0.004145937
0.6898839,0.39165285,0.5666114,0.004145937
0.6896075,0.39192924,0.56633496,0.004145937
0.6893311,0.39220563,0.5660586,0.004145937
0.6890547,0.39248204,0.5657822,0.004145937
0.68877834,0.39303482,0.5652294,0.004145937
0.68850195,0.39331123,0.564953,0.004145937
0.68822557,0.39358762,0.56467664,0.004145937
0.6879491,0.39358762,0.56467664,0.004145937
0.68767273,0.393864,0.5644002,0.004145937
0.68739635,0.39414042,0.5641238,0.004145937
0.68711996,0.3944168,0.5638474,0.004145937
0.6868436,0.3946932,0.56357104,0.004145937
0.6865672,0.39496958,0.56329465,0.004145937
0.68629074,0.395246,0.56301826,0.004145937
0.68601435,0.39579877,0.5624654,0.004145937
0.68573797,0.3960752,0.56218904,0.004145937
0.6854616,0.39635158,0.56218904,0.004145937
0.6851852,0.39773357,0.56080705,0.004145937
0.6849088,0.39800996,0.56053066,0.004145937
0.6846324,0.39800996,0.56053066,0.004145937
0.684356,0.39800996,0.56053066,0.004145937
0.6840796,0.39856273,0.56053066,0.004145937
0.6838032,0.39856273,0.56053066,0.004145937
0.6835268,0.39883915,0.5602543,0.004145937
0.6832504,0.39911553,0.5599779,0.004145937
0.68297404,0.39939192,0.5597015,0.004145937
0.6826976,0.39966834,0.5597015,0.004145937
0.6824212,0.4002211,0.5591487,0.004145937
0.6821448,0.40409064,0.55472636,0.004145937
0.68186843,0.40436706,0.55445,0.004145937
0.68159205,0.40464345,0.5541736,0.004145937
0.68131566,0.40491983,0.5538972,0.004145937
0.6810393,0.40519625,0.55362076,0.004145937
0.6807628,0.40602544,0.5527916,0.004145937
0.68048644,0.40630183,0.5525152,0.004145937
0.68021005,0.4065782,0.5522388,0.004145937
0.67993367,0.40685463,0.55196244,0.004145937
0.6796573,0.40713102,0.55196244,0.004145937
0.6793809,0.4074074,0.551686,0.004145937
0.6791045,0.4076838,0.5514096,0.004145937
0.67882806,0.4079602,0.5514096,0.004145937
0.6785517,0.40989497,0.5453289,0.004145937
0.6782753,0.40989497,0.5453289,0.004145937
0.6779989,0.41017136,0.5450525,0.004145937
0.6777225,0.41044775,0.54477614,0.004145937
0.6774461,0.41100055,0.5442233,0.004145937
0.6771697,0.41155335,0.54367054,0.004145937
0.6768933,0.41182974,0.54339415,0.004145937
0.6766169,0.41210613,0.54311776,0.004145937
0.6763405,0.41265893,0.5425649,0.004145937
0.67606413,0.41321173,0.54201216,0.004145937
0.67578775,0.41487008,0.5403538,0.004145937
0.67551136,0.4151465,0.5403538,0.004145937
0.6752349,0.4154229,0.5400774,0.004145937
0.6749585,0.41569927,0.539801,0.004145937
0.67468214,0.4159757,0.5395246,0.004145937
0.67440575,0.41625208,0.5392482,0.004145937
0.67412937,0.41652846,0.5389718,0.004145937
0.673853,0.41735765,0.5381426,0.004145937
0.67357653,0.41763404,0.53786623,0.004145937
0.67330015,0.41818684,0.53731346,0.004145937
0.67302376,0.41873965,0.53482586,0.004145937
0.6727474,0.41901603,0.5345495,0.004145937
0.672471,0.41929242,0.5342731,0.004145937
0.6721946,0.41929242,0.5342731,0.004145937
0.6719182,0.41956884,0.5339967,0.004145937
0.67164177,0.4201216,0.5331675,0.004145937
0.6713654,0.420398,0.5328911,0.004145937
0.671089,0.4212272,0.53206193,0.004145937
0.6708126,0.4215036,0.5317855,0.004145937
0.6705362,0.42178,0.5315091,0.004145937
0.67025983,0.42205638,0.5312327,0.004145937
0.6699834,0.42205638,0.5312327,0.004145937
0.669707,0.4223328,0.5309563,0.004145937
0.6694306,0.42260918,0.53067994,0.004145937
0.6691542,0.42316195,0.53067994,0.004145937
0.66887784,0.42343837,0.53067994,0.004145937
0.66860145,0.42371476,0.53040355,0.004145937
0.66832507,0.42399114,0.53040355,0.004145937
0.6680486,0.42426756,0.53012717,0.004145937
0.66777223,0.42454395,0.5298507,0.004145937
0.66749585,0.43062466,0.5229409,0.004145937
0.66721946,0.43090105,0.5229409,0.004145937
0.6669431,0.43145385,0.52238804,0.004145937
0.6666667,0.43200663,0.52183527,0.004145937
0.6663903,0.43228304,0.5215589,0.004145937
0.66611385,0.43255943,0.5212825,0.004145937
0.66583747,0.43283582,0.5210061,0.004145937
0.6655611,0.4331122,0.52072966,0.004145937
0.6652847,0.43338862,0.5204533,0.004145937
0.6650083,0.433665,0.5204533,0.004145937
0.6647319,0.4339414,0.5201769,0.004145937
0.6644555,0.4342178,0.5201769,0.0038695412
0.6641791,0.4344942,0.5199005,0.0038695412
0.6639027,0.43477058,0.5196241,0.0038695412
0.6636263,0.435047,0.5193477,0.0038695412
0.6633499,0.435047,0.5193477,0.0038695412
0.66307354,0.43559977,0.5182421,0.0038695412
0.66279715,0.43587616,0.51796573,0.0038695412
0.6625207,0.43587616,0.51796573,0.0038695412
0.6622443,0.43615258,0.51768935,0.0038695412
0.66196793,0.43642896,0.51741296,0.0038695412
0.66169155,0.43781096,0.51603097,0.0038695412
0.66141516,0.4414041,0.5116086,0.0038695412
0.6611388,0.44195688,0.5110558,0.0038695412
0.6608623,0.44223326,0.5110558,0.0038695412
0.66058594,0.44250968,0.51077944,0.0038695412
0.66030955,0.44250968,0.51077944,0.0038695412
0.66003317,0.44361526,0.5066335,0.0038695412
0.6597568,0.44389164,0.5063571,0.0038695412
0.6594804,0.44416806,0.5060807,0.0038695412
0.659204,0.44444445,0.5058043,0.0038695412
0.65892756,0.44472083,0.5055279,0.0038695412
0.6586512,0.44499722,0.5052515,0.0038695412
0.6583748,0.44499722,0.5052515,0.0038695412
0.6580984,0.44527364,0.50497514,0.0038695412
0.657822,0.44555002,0.50469875,0.0038695412
0.6575456,0.4458264,0.5044223,0.0038695412
0.6572692,0.44610283,0.5041459,0.0038695412
0.6569928,0.44610283,0.5041459,0.0038695412
0.6567164,0.4463792,0.50386953,0.0038695412
0.65644,0.4466556,0.50359315,0.0038695412
0.65616363,0.44693202,0.50331676,0.0038695412
0.65588725,0.4472084,0.5030404,0.0038695412
0.65561086,0.4472084,0.5030404,0.0038695412
0.6553344,0.4472084,0.5030404,0.0038695412
0.655058,0.4474848,0.502764,0.0038695412
0.65478164,0.4477612,0.502764,0.0038695412
0.65450525,0.4480376,0.50248754,0.0038695412
0.65422887,0.44831398,0.50248754,0.0038695412
0.6539525,0.44859037,0.50248754,0.0038695412
0.6536761,0.44914317,0.5016584,0.0038695412
0.65339965,0.44941956,0.501382,0.0038695412
0.65312326,0.44969597,0.5011056,0.0038695412
0.6528469,0.44997236,0.50082916,0.0038695412
0.6525705,0.45024875,0.5005528,0.0038695412
0.6522941,0.45052516,0.5002764,0.0038695412
0.6520177,0.45080155,0.5,0.0038695412
0.65174127,0.45107794,0.5,0.0038695412
0.6514649,0.45135432,0.4997236,0.0038695412
0.6511885,0.45190713,0.4991708,0.0038695412
0.6509121,0.4521835,0.49889442,0.0038695412
0.6506357,0.45245993,0.498618,0.0038695412
0.65035933,0.45273632,0.49834162,0.0038695412
0.65008295,0.4530127,0.49806523,0.0038695412
0.6498065,0.45328912,0.49778885,0.0038695412
0.6495301,0.45328912,0.49778885,0.0038695412
0.6492537,0.4535655,0.49751243,0.0038695412
0.64897734,0.4541183,0.49640685,0.0038695412
0.64870095,0.4543947,0.49613047,0.0038695412
0.64842457,0.45494747,0.49557766,0.0038695412
0.6481481,0.4552239,0.49530128,0.0038695412
0.64787173,0.4552239,0.49530128,0.0038695412
0.64759535,0.45550027,0.4950249,0.0038695412
0.64731896,0.45577666,0.49474847,0.0038695412
0.6470426,0.45660585,0.49474847,0.0038695412
0.6467662,0.45688227,0.4944721,0.0038695412
0.6464898,0.45715865,0.4941957,0.0038695412
0.64621335,0.45743504,0.49391928,0.0038695412
0.64593697,0.45771143,0.4936429,0.0038695412
0.6456606,0.45854062,0.4928137,0.0038695412
0.6453842,0.45881703,0.49253732,0.0038695412
0.6451078,0.45909342,0.4922609,0.0038695412
0.6448314,0.4593698,0.4922609,0.0038695412
0.64455503,0.45964622,0.49198452,0.0038695412
0.6442786,0.45964622,0.49198452,0.0038695412
0.6440022,0.4599226,0.49198452,0.0038695412
0.6437258,0.460199,0.49170813,0.0038695412
0.6434494,0.46047541,0.49170813,0.0038695412
0.64317304,0.4607518,0.49143174,0.0038695412
0.64289665,0.4607518,0.49143174,0.0038695412
0.6426202,0.4610282,0.49115533,0.0038695412
0.6423438,0.46130458,0.49087894,0.0038695412
0.64206743,0.46323937,0.48839137,0.0038695412
0.64179105,0.46406853,0.4872858,0.0038695412
0.64151466,0.46434495,0.4870094,0.0038695412
0.6412383,0.46462134,0.486733,0.0038695412
0.6409619,0.46489772,0.486733,0.0038695412
0.64068544,0.46517414,0.4864566,0.0038695412
0.64040905,0.46627972,0.48535103,0.0038695412
0.64013267,0.4665561,0.48507464,0.0038695412
0.6398563,0.4665561,0.48507464,0.0038695412
0.6395799,0.46683252,0.48479822,0.0038695412
0.6393035,0.4671089,0.48452184,0.0038695412
0.63902706,0.4673853,0.48424545,0.0038695412
0.6387507,0.4673853,0.48424545,0.0038695412
0.6384743,0.46766168,0.48396903,0.0038695412
0.6381979,0.4679381,0.48369265,0.0038695412
0.6379215,0.46821448,0.48341626,0.0038695412
0.6376451,0.46849087,0.48313984,0.0038695412
0.63736874,0.4687673,0.48286346,0.0038695412
0.6370923,0.46932006,0.48231068,0.0038695412
0.6368159,0.46959648,0.48203427,0.0038695412
0.6365395,0.46987286,0.48175788,0.0038695412
0.63626313,0.47014925,0.4814815,0.0038695412
0.63598675,0.47042564,0.48120508,0.0038695412
0.63571036,0.47070205,0.4809287,0.0038695412
0.6354339,0.47097844,0.4806523,0.0038695412
0.6351575,0.47125483,0.4803759,0.0038695412
0.63488114,0.47153124,0.4803759,0.0038695412
0.63460475,0.47180763,0.4800995,0.0038695412
0.63432837,0.47208402,0.4798231,0.0038695412
0.634052,0.47236043,0.47954673,0.0038695412
0.6337756,0.4729132,0.47899392,0.0038695412
0.63349915,0.47318962,0.47871754,0.0038695412
0.63322276,0.4737424,0.47816473,0.0038695412
0.6329464,0.4742952,0.47761193,0.0038695412
0.63267,0.4742952,0.47761193,0.0038695412
0.6323936,0.4742952,0.47761193,0.0038695412
0.6321172,0.4742952,0.47761193,0.0038695412
0.6318408,0.4742952,0.47761193,0.0038695412
0.6315644,0.4745716,0.47733554,0.0038695412
0.631288,0.47540078,0.47650635,0.0038695412
0.6310116,0.47567716,0.47622997,0.0038695412
0.6307352,0.47567716,0.47622997,0.0038695412
0.63045883,0.47595358,0.47595358,0.0038695412
0.63018245,0.47622997,0.47567716,0.0038695412
0.629906,0.47650635,0.47540078,0.0038695412
0.6296296,0.47678274,0.47540078,0.0038695412
0.6293532,0.47705916,0.4751244,0.0038695412
0.62907684,0.47733554,0.47484797,0.0038695412
0.62880045,0.47761193,0.47484797,0.0038695412
0.62852407,0.47788835,0.4745716,0.0038695412
0.6282477,0.47816473,0.4742952,0.0038695412
0.62797123,0.47816473,0.4742952,0.0038695412
0.62769485,0.47844112,0.47401878,0.0038695412
0.62741846,0.47871754,0.4737424,0.0038695412
0.6271421,0.47899392,0.473466,0.0038695412
0.6268657,0.4792703,0.473466,0.0038695412
0.6265893,0.47954673,0.473466,0.0038695412
0.62631285,0.4798231,0.47318962,0.0038695412
0.62603647,0.4800995,0.4729132,0.0038695412
0.6257601,0.4803759,0.47263682,0.0038695412
0.6254837,0.4806523,0.47236043,0.0038695412
0.6252073,0.4809287,0.47208402,0.0038695412
0.6249309,0.48120508,0.47180763,0.0038695412
0.62465453,0.48175788,0.47125483,0.0038695412
0.6243781,0.48258707,0.47042564,0.0038695412
0.6241017,0.48286346,0.47014925,0.0038695412
0.6238253,0.48313984,0.46987286,0.0038695412
0.6235489,0.48341626,0.46959648,0.0038695412
0.62327254,0.48369265,0.46932006,0.0038695412
0.62299615,0.48396903,0.46904367,0.0038695412
0.6227197,0.48479822,0.46683252,0.0038695412
0.6224433,0.48507464,0.4665561,0.0038695412
0.62216693,0.48535103,0.46627972,0.0038695412
0.62189054,0.48535103,0.46627972,0.0038695412
0.62161416,0.4856274,0.46600333,0.0038695412
0.6213378,0.486733,0.46489772,0.0038695412
0.6210614,0.486733,0.46489772,0.0038695412
0.62078494,0.4870094,0.46489772,0.0038695412
0.62050855,0.4872858,0.46462134,0.0038695412
0.62023216,0.48756218,0.46434495,0.0038695412
0.6199558,0.4878386,0.46406853,0.0038695412
0.6196794,0.48811498,0.46379215,0.0038695412
0.619403,0.48839137,0.46351576,0.0038695412
0.6191266,0.48839137,0.46351576,0.0038695412
0.6188502,0.4886678,0.46323937,0.0038695412
0.6185738,0.48894417,0.46296296,0.0038695412
0.6182974,0.48922056,0.46268657,0.0038695412
0.618021,0.48949695,0.46241018,0.0038695412
0.6177446,0.48977336,0.46213377,0.0038695412
0.61746824,0.49004975,0.46185738,0.0038695412
0.6171918,0.49004975,0.46185738,0.0038695412
0.6169154,0.49032614,0.461581,0.0038695412
0.616639,0.49087894,0.45964622,0.0038695412
0.61636263,0.49115533,0.4593698,0.0038695412
0.61608624,0.49143174,0.45909342,0.0038695412
0.61580986,0.4922609,0.45771143,0.0038695412
0.6155335,0.4922609,0.45771143,0.0038695412
0.615257,0.4922609,0.45771143,0.0038695412
0.61498064,0.49253732,0.45743504,0.0038695412
0.61470425,0.49253732,0.45743504,0.0038695412
0.61442786,0.4928137,0.45743504,0.0038695412
0.6141515,0.4930901,0.45715865,0.0038695412
0.6138751,0.4930901,0.45715865,0.0038695412
0.61359864,0.49391928,0.45632946,0.0038695412
0.61332226,0.4941957,0.45605308,0.0038695412
0.6130459,0.4941957,0.45605308,0.0038695412
0.6127695,0.4944721,0.45577666,0.0038695412
0.6124931,0.49474847,0.45550027,0.0038695412
0.6122167,0.49474847,0.45550027,0.0038695412
0.6119403,0.49530128,0.45550027,0.0038695412
0.6116639,0.49557766,0.4552239,0.0038695412
0.6113875,0.49585405,0.45494747,0.0038695412
0.6111111,0.49640685,0.45494747,0.0038695412
0.6108347,0.49668324,0.45494747,0.0038695412
0.61055833,0.49695966,0.45467108,0.0038695412
0.61028194,0.49723604,0.4543947,0.0038695412
0.61000556,0.49751243,0.4541183,0.0038695412
0.6097291,0.49778885,0.4541183,0.0038695412
0.6094527,0.49806523,0.4538419,0.0038695412
0.60917634,0.49834162,0.4535655,0.0038695412
0.60889995,0.498618,0.45328912,0.0038695412
0.60862356,0.498618,0.45328912,0.0038695412
0.6083472,0.4991708,0.45273632,0.0038695412
0.60807073,0.4997236,0.45190713,0.0038695412
0.60779434,0.4997236,0.45190713,0.0038695412
0.60751796,0.5,0.45163074,0.0038695412
0.6072416,0.5002764,0.45135432,0.0038695412
0.6069652,0.5005528,0.45107794,0.0038695412
0.6066888,0.501382,0.44969597,0.0038695412
0.6064124,0.5016584,0.44941956,0.0038695412
0.60613596,0.50193477,0.44914317,0.0038695412
0.6058596,0.50221115,0.44886678,0.0038695412
0.6055832,0.502764,0.44831398,0.0038695412
0.6053068,0.5030404,0.4480376,0.0038695412
0.6050304,0.50359315,0.4474848,0.0038695412
0.60475403,0.50386953,0.4472084,0.0038695412
0.6044776,0.50469875,0.4463792,0.0038695412
0.6042012,0.5052515,0.44555002,0.0038695412
0.6039248,0.5058043,0.44499722,0.0038695412
0.6036484,0.5060807,0.44499722,0.0038695412
0.60337204,0.5060807,0.44499722,0.0038695412
0.60309565,0.5060807,0.44499722,0.0038695412
0.60281926,0.5063571,0.44499722,0.0038695412
0.6025428,0.5066335,0.44472083,0.0038695412
0.60226643,0.5069099,0.44444445,0.0038695412
0.60199004,0.5071863,0.44416806,0.0038695412
0.60171366,0.5074627,0.44389164,0.0038695412
0.6014373,0.50801545,0.44333887,0.0038695412
0.6011609,0.5082919,0.44306245,0.0038695412
0.60088444,0.5085683,0.44278607,0.0038695412
0.60060805,0.5088447,0.44250968,0.0038695412
0.60033166,0.50912106,0.44223326,0.0038695412
0.6000553,0.50939745,0.44195688,0.0038695412
0.5997789,0.50967383,0.4416805,0.0038695412
0.5995025,0.5099502,0.4414041,0.0038695412
0.5992261,0.51022667,0.4414041,0.0038695412
0.5989497,0.51022667,0.4414041,0.0038695412
0.5986733,0.51050305,0.4411277,0.0038695412
0.5983969,0.51077944,0.4408513,0.0038695412
0.5981205,0.5110558,0.4405749,0.0038695412
0.5978441,0.5110558,0.4405749,0.0038695412
0.59756774,0.5113322,0.4402985,0.0038695412
0.59729135,0.5116086,0.4400221,0.0038695412
0.5970149,0.51188505,0.43974572,0.0038695412
0.5967385,0.51188505,0.43974572,0.0038695412
0.59646213,0.51216143,0.4394693,0.0038695412
0.59618574,0.51216143,0.4394693,0.0038695412
0.59590936,0.5124378,0.43919292,0.0038695412
0.595633,0.5127142,0.43891653,0.0038695412
0.5953565,0.5127142,0.43891653,0.0038695412
0.59508014,0.5129906,0.43864015,0.0038695412
0.59480375,0.513267,0.43836373,0.0038695412
0.59452736,0.5140962,0.43836373,0.0038695412
0.594251,0.51520175,0.43725815,0.0038695412
0.5939746,0.5154782,0.43725815,0.0038695412
0.5936982,0.5157546,0.43698177,0.0038695412
0.59342176,0.51603097,0.43670535,0.0038695412
0.5931454,0.51630735,0.43642896,0.0038695412
0.592869,0.5168601,0.43587616,0.0038695412
0.5925926,0.5168601,0.43587616,0.0038695412
0.5923162,0.5171365,0.43559977,0.0038695412
0.5920398,0.51741296,0.4353234,0.0038695412
0.5917634,0.51768935,0.435047,0.0038695412
0.591487,0.51796573,0.43477058,0.0038695412
0.5912106,0.51796573,0.43477058,0.0038695412
0.5909342,0.5182421,0.4344942,0.0038695412
0.59065783,0.5185185,0.4342178,0.0038695412
0.59038144,0.5187949,0.4342178,0.0038695412
0.59010506,0.5193477,0.433665,0.0038695412
0.5898286,0.5196241,0.43338862,0.0038695412
0.5895522,0.5201769,0.43255943,0.0038695412
0.58927584,0.5204533,0.43228304,0.0038695412
0.58899945,0.52072966,0.43228304,0.0038695412
0.58872306,0.5210061,0.43200663,0.0038695412
0.5884467,0.52211165,0.43062466,0.0038695412
0.58817023,0.52238804,0.43034825,0.0038695412
0.58789384,0.5226644,0.43007186,0.0038695412
0.58761746,0.5226644,0.43007186,0.0038695412
0.58734107,0.5226644,0.43007186,0.0038695412
0.5870647,0.5229409,0.42979547,0.0038695412
0.5867883,0.52321726,0.42951906,0.0038695412
0.5865119,0.52377003,0.42896628,0.0038695412
0.58623546,0.5240464,0.4286899,0.0038695412
0.5859591,0.5243228,0.42841348,0.0038695412
0.5856827,0.52459925,0.4281371,0.0038695412
0.5854063,0.52459925,0.4281371,0.0038695412
0.5851299,0.52487564,0.4278607,0.0038695412
0.58485353,0.5254284,0.4273079,0.0038695412
0.58457714,0.5254284,0.4273079,0.0038695412
0.5843007,0.5257048,0.42703152,0.0038695412
0.5840243,0.5259812,0.4267551,0.0038695412
0.5837479,0.5262576,0.4264787,0.0038695412
0.58347154,0.526534,0.42620233,0.0038695412
0.58319515,0.5268104,0.42620233,0.0038695412
0.58291876,0.5270868,0.42620233,0.0038695412
0.5826423,0.5273632,0.42620233,0.0038695412
0.58236593,0.52791595,0.42620233,0.0033167496
0.58208954,0.5281924,0.42592594,0.0033167496
0.58181316,0.5284688,0.42564952,0.0033167496
0.58153677,0.5287452,0.42537314,0.0033167496
0.5812604,0.52902156,0.42509675,0.0033167496
0.580984,0.52929795,0.42482033,0.0033167496
0.58070755,0.52957433,0.42454395,0.0033167496
0.58043116,0.52957433,0.42454395,0.0033167496
0.5801548,0.5298507,0.42426756,0.0033167496
0.5798784,0.53012717,0.42399114,0.0033167496
0.579602,0.53040355,0.42371476,0.0033167496
0.5793256,0.5317855,0.4215036,0.0033167496
0.57904917,0.53206193,0.4212272,0.0033167496
0.5787728,0.5323383,0.4209508,0.0033167496
0.5784964,0.5326147,0.4206744,0.0033167496
0.57822,0.5326147,0.4206744,0.0033167496
0.5779436,0.5328911,0.420398,0.0033167496
0.57766724,0.5328911,0.420398,0.0033167496
0.57739085,0.5331675,0.420398,0.0033167496
0.5771144,0.5331675,0.420398,0.0033167496
0.576838,0.5331675,0.420398,0.0033167496
0.5765616,0.53344387,0.4201216,0.0033167496
0.57628524,0.5337203,0.41984522,0.0033167496
0.57600886,0.5337203,0.41984522,0.0033167496
0.57573247,0.5339967,0.41984522,0.0033167496
0.5754561,0.5342731,0.41956884,0.0033167496
0.57517964,0.5345495,0.41929242,0.0033167496
0.57490325,0.53482586,0.41901603,0.0033167496
0.57462686,0.53510225,0.41873965,0.0033167496
0.5743505,0.53537863,0.41846323,0.0033167496
0.5740741,0.53620785,0.41763404,0.0033167496
0.5737977,0.5367606,0.41708127,0.0033167496
0.57352126,0.5381426,0.4151465,0.0033167496
0.57324487,0.5381426,0.4151465,0.0033167496
0.5729685,0.538419,0.41487008,0.0033167496
0.5726921,0.5386954,0.41487008,0.0033167496
0.5724157,0.5389718,0.4145937,0.0033167496
0.5721393,0.5389718,0.4145937,0.0033167496
0.57186294,0.5392482,0.4145937,0.0033167496
0.5715865,0.5395246,0.4143173,0.0033167496
0.5713101,0.539801,0.4140409,0.0033167496
0.5710337,0.5400774,0.4137645,0.0033167496
0.5707573,0.5400774,0.4137645,0.0033167496
0.57048094,0.5400774,0.4137645,0.0033167496
0.57020456,0.54367054,0.40934217,0.0033167496
0.5699281,0.5439469,0.40906578,0.0033167496
0.5696517,0.5444997,0.40851298,0.0033167496
0.56937534,0.54477614,0.4082366,0.0033167496
0.56909895,0.5450525,0.4079602,0.0033167496
0.56882256,0.5450525,0.4079602,0.0033167496
0.5685462,0.5453289,0.4076838,0.0033167496
0.5682698,0.5453289,0.4076838,0.0033167496
0.56799334,0.5456053,0.4076838,0.0033167496
0.56771696,0.5458817,0.4076838,0.0033167496
0.56744057,0.5461581,0.4074074,0.0033167496
0.5671642,0.5461581,0.4074074,0.0033167496
0.5668878,0.5461581,0.4074074,0.0033167496
0.5666114,0.5461581,0.4074074,0.0033167496
0.56633496,0.5483693,0.40464345,0.0033167496
0.5660586,0.5486457,0.40436706,0.0033167496
0.5657822,0.54892206,0.40409064,0.0033167496
0.5655058,0.54919845,0.40409064,0.0030403538
0.5652294,0.54919845,0.40409064,0.0030403538
0.564953,0.54947484,0.40381426,0.0030403538
0.56467664,0.5497512,0.40353787,0.0030403538
0.5644002,0.5497512,0.40353787,0.0030403538
0.5641238,0.55030406,0.40298507,0.0030403538
0.5638474,0.55058044,0.40270868,0.0030403538
0.56357104,0.5508568,0.4024323,0.0030403538
0.56329465,0.5525152,0.4002211,0.0030403538
0.56301826,0.5527916,0.39994472,0.0030403538
0.5627419,0.55334437,0.39939192,0.0030403538
0.5624654,0.55334437,0.39939192,0.0030403538
0.56218904,0.55362076,0.39911553,0.0030403538
0.56191266,0.5538972,0.39883915,0.0030403538
0.56163627,0.5541736,0.39856273,0.0030403538
0.5613599,0.5541736,0.39856273,0.0030403538
0.5610835,0.55445,0.39828634,0.0030403538
0.56080705,0.55472636,0.39800996,0.0030403538
0.56053066,0.55638474,0.39579877,0.0030403538
0.5602543,0.55749035,0.3946932,0.0030403538
0.5599779,0.55776674,0.3944168,0.0030403538
0.5597015,0.55776674,0.3944168,0.0030403538
0.5594251,0.5580431,0.3944168,0.0030403538
0.5591487,0.5583195,0.39414042,0.0030403538
0.5588723,0.5585959,0.39414042,0.0030403538
0.5585959,0.5588723,0.393864,0.0030403538
0.5583195,0.5588723,0.393864,0.0030403538
0.5580431,0.5594251,0.393864,0.0030403538
0.55776674,0.5597015,0.39358762,0.0030403538
0.55749035,0.5599779,0.39358762,0.0030403538
0.5572139,0.5602543,0.39331123,0.0030403538
0.5569375,0.56053066,0.39303482,0.0030403538
0.5566611,0.56080705,0.39275843,0.0030403538
0.55638474,0.5610835,0.39248204,0.0030403538
0.55610836,0.5613599,0.39220563,0.0030403538
0.55583197,0.5613599,0.39220563,0.0030403538
0.5555556,0.56163627,0.39192924,0.0030403538
0.55527914,0.56191266,0.39165285,0.0030403538
0.55500275,0.56191266,0.39165285,0.0030403538
0.55472636,0.56218904,0.39137647,0.0030403538
0.55445,0.5624654,0.39110005,0.0030403538
0.5541736,0.5627419,0.39082366,0.0030403538
0.5538972,0.56301826,0.39054728,0.0030403538
0.55362076,0.56329465,0.39027086,0.0030403538
0.55334437,0.56357104,0.38999447,0.0030403538
0.553068,0.56357104,0.38999447,0.0030403538
0.5527916,0.5638474,0.3897181,0.0030403538
0.5525152,0.5641238,0.38944167,0.0030403538
0.5522388,0.5641238,0.38944167,0.0030403538
0.55196244,0.5644002,0.38944167,0.0030403538
0.551686,0.5644002,0.38944167,0.0030403538
0.5514096,0.56467664,0.38916528,0.0030403538
0.5511332,0.56467664,0.38916528,0.0030403538
0.5508568,0.564953,0.3888889,0.0030403538
0.55058044,0.5657822,0.38778332,0.0030403538
0.55030406,0.5657822,0.38778332,0.0030403538
0.55002767,0.5657822,0.38778332,0.0030403538
0.5497512,0.56633496,0.38723052,0.0030403538
0.54947484,0.5666114,0.38695413,0.0030403538
0.54919845,0.5682698,0.38529575,0.0030403538
0.54892206,0.5685462,0.38501936,0.0030403538
0.5486457,0.5685462,0.38501936,0.0030403538
0.5483693,0.56882256,0.38474295,0.0030403538
0.54809284,0.56909895,0.38446656,0.0030403538
0.54781646,0.56937534,0.38419017,0.0030403538
0.54754007,0.56937534,0.38419017,0.0030403538
0.5472637,0.5696517,0.38391376,0.0030403538
0.5469873,0.5699281,0.38363737,0.0030403538
0.5467109,0.57020456,0.38336098,0.0030403538
0.5464345,0.57048094,0.38308457,0.0030403538
0.5461581,0.5707573,0.38280818,0.0030403538
0.5458817,0.5710337,0.38280818,0.0030403538
0.5456053,0.5713101,0.3825318,0.0030403538
0.5453289,0.5715865,0.38225538,0.0030403538
0.5450525,0.5721393,0.3811498,0.0030403538
0.54477614,0.5743505,0.37838584,0.0030403538
0.5444997,0.57462686,0.37810946,0.0030403538
0.5442233,0.57490325,0.37783307,0.0030403538
0.5439469,0.57490325,0.37783307,0.0030403538
0.54367054,0.57517964,0.37755665,0.0030403538
0.54339415,0.5765616,0.37589827,0.0030403538
0.54311776,0.576838,0.37562189,0.0030403538
0.5428414,0.576838,0.37562189,0.0030403538
0.5425649,0.580984,0.37147596,0.0030403538
0.54228854,0.5812604,0.37119955,0.0030403538
0.54201216,0.58181316,0.37119955,0.0030403538
0.54173577,0.58208954,0.37092316,0.0030403538
0.5414594,0.58236593,0.37064677,0.0030403538
0.541183,0.5826423,0.37037036,0.0030403538
0.54090655,0.58291876,0.37009397,0.0030403538
0.54063016,0.58319515,0.36981758,0.0030403538
0.5403538,0.58347154,0.36954117,0.0030403538
0.5400774,0.5840243,0.36788282,0.0030403538
0.539801,0.5843007,0.36788282,0.0030403538
0.5395246,0.5843007,0.36788282,0.0030403538
0.5392482,0.58457714,0.3676064,0.0030403538
0.5389718,0.58457714,0.3676064,0.0030403538
0.5386954,0.5854063,0.36650082,0.0030403538
0.538419,0.5854063,0.36650082,0.0030403538
0.5381426,0.5856827,0.36622444,0.0030403538
0.53786623,0.5859591,0.36594805,0.0030403538
0.53758985,0.58623546,0.36567163,0.0030403538
0.53731346,0.5867883,0.36511886,0.0030403538
0.537037,0.5870647,0.36511886,0.0030403538
0.5367606,0.58734107,0.36484244,0.0030403538
0.53648424,0.58789384,0.36428967,0.0030403538
0.53620785,0.58817023,0.36428967,0.0030403538
0.53593147,0.5884467,0.36401325,0.0030403538
0.5356551,0.58872306,0.36373687,0.0030403538
0.53537863,0.58927584,0.3631841,0.0030403538
0.53510225,0.58927584,0.3631841,0.0030403538
0.53482586,0.5895522,0.36290768,0.0030403538
0.5345495,0.5898286,0.3626313,0.0030403538
0.5342731,0.59065783,0.3615257,0.0030403538
0.5339967,0.5909342,0.3612493,0.0030403538
0.5337203,0.5909342,0.3612493,0.0030403538
0.53344387,0.5909342,0.3612493,0.0030403538
0.5331675,0.5912106,0.3609729,0.0030403538
0.5328911,0.5912106,0.3609729,0.0030403538
0.5326147,0.591487,0.36069652,0.0030403538
0.5323383,0.5917634,0.3604201,0.0030403538
0.53206193,0.5920398,0.36014372,0.0030403538
0.5317855,0.5920398,0.36014372,0.0030403538
0.5315091,0.5923162,0.35986733,0.0030403538
0.5312327,0.592869,0.35655057,0.0030403538
0.5309563,0.5931454,0.35655057,0.0030403538
0.53067994,0.5939746,0.35572138,0.0030403538
0.53040355,0.594251,0.355445,0.0030403538
0.53012717,0.59452736,0.355445,0.0030403538
0.5298507,0.59480375,0.3551686,0.0030403538
0.52957433,0.59508014,0.3548922,0.0030403538
0.52929795,0.5953565,0.3546158,0.0030403538
0.52902156,0.595633,0.35433942,0.0030403538
0.5287452,0.59590936,0.35433942,0.0030403538
0.5284688,0.59618574,0.354063,0.0030403538
0.5281924,0.59618574,0.354063,0.0030403538
0.52791595,0.59618574,0.354063,0.0030403538
0.52763957,0.59646213,0.35378662,0.0030403538
0.5273632,0.5967385,0.35351023,0.0030403538
0.5270868,0.59756774,0.35268104,0.0030403538
0.5268104,0.5981205,0.35212824,0.0030403538
0.526534,0.5981205,0.35212824,0.0030403538
0.5262576,0.5983969,0.35185185,0.0030403538
0.5259812,0.5986733,0.35157546,0.0030403538
0.5257048,0.5992261,0.35102266,0.0030403538
0.5254284,0.5995025,0.35102266,0.0030403538
0.525152,0.5997789,0.35074627,0.0030403538
0.52487564,0.6000553,0.3504699,0.0030403538
0.52459925,0.6000553,0.3504699,0.0030403538
0.5243228,0.60033166,0.35019347,0.0030403538
0.5240464,0.60060805,0.34991708,0.0030403538
0.52377003,0.60060805,0.34991708,0.0030403538
0.52349365,0.6011609,0.34936428,0.0030403538
0.52321726,0.6014373,0.3490879,0.0030403538
0.5229409,0.6014373,0.3490879,0.0030403538
0.5226644,0.60171366,0.3488115,0.0030403538
0.52238804,0.60199004,0.3485351,0.0030403538
0.52211165,0.60226643,0.3482587,0.0030403538
0.52183527,0.6025428,0.34798232,0.0030403538
0.5215589,0.60281926,0.34798232,0.0030403538
0.5212825,0.60309565,0.3477059,0.0030403538
0.5210061,0.60337204,0.3477059,0.0030403538
0.52072966,0.60337204,0.3477059,0.0030403538
0.5204533,0.6036484,0.3474295,0.0030403538
0.5201769,0.6039248,0.34715313,0.0030403538
0.5199005,0.6042012,0.34687674,0.0030403538
0.5196241,0.6042012,0.34687674,0.0030403538
0.5193477,0.6044776,0.34660032,0.0030403538
0.5190713,0.6044776,0.34660032,0.0030403538
0.5187949,0.60475403,0.34632394,0.0030403538
0.5185185,0.6050304,0.34604755,0.0030403538
0.5182421,0.6053068,0.34577113,0.0030403538
0.51796573,0.6053068,0.34577113,0.0030403538
0.51768935,0.6064124,0.3427308,0.0030403538
0.51741296,0.6064124,0.3427308,0.0030403538
0.5171365,0.6064124,0.3427308,0.0030403538
0.5168601,0.6066888,0.3424544,0.0030403538
0.51658374,0.60889995,0.33941403,0.0030403538
0.51630735,0.60889995,0.33941403,0.0030403538
0.51603097,0.60917634,0.33913764,0.0030403538
0.5157546,0.60917634,0.33913764,0.0030403538
0.5154782,0.6094527,0.33886126,0.0030403538
0.51520175,0.6094527,0.33886126,0.0030403538
0.51492536,0.6097291,0.33858484,0.0030403538
0.514649,0.61028194,0.33803207,0.0030403538
0.5143726,0.61055833,0.33775568,0.0030403538
0.5140962,0.6111111,0.33720288,0.0030403538
0.5138198,0.6122167,0.3360973,0.0030403538
0.51354337,0.6124931,0.3360973,0.0030403538
0.513267,0.6127695,0.33582088,0.0030403538
0.5129906,0.61332226,0.3352681,0.0030403538
0.5127142,0.61359864,0.3349917,0.0030403538
0.5124378,0.61359864,0.3349917,0.0030403538
0.51216143,0.6141515,0.328911,0.005804312
0.51188505,0.615257,0.32780543,0.005804312
0.5116086,0.6155335,0.327529,0.005804312
0.5113322,0.61580986,0.32725263,0.005804312
0.5110558,0.61608624,0.32697624,0.005804312
0.51077944,0.61636263,0.32669982,0.005804312
0.51050305,0.616639,0.32642344,0.005804312
0.51022667,0.616639,0.32642344,0.005804312
0.5099502,0.6169154,0.32614705,0.005804312
0.50967383,0.618021,0.32504147,0.005804312
0.50939745,0.6185738,0.32448867,0.005804312
0.50912106,0.6188502,0.32421228,0.005804312
0.5088447,0.6191266,0.32393587,0.005804312
0.5085683,0.619403,0.32365948,0.005804312
0.5082919,0.6196794,0.3233831,0.005804312
0.50801545,0.62023216,0.3228303,0.005804312
0.50773907,0.62050855,0.3225539,0.005804312
0.5074627,0.62078494,0.32227752,0.005804312
0.5071863,0.6235489,0.3095633,0.008291874
0.5069099,0.6238253,0.3092869,0.008291874
0.5066335,0.6241017,0.3090105,0.008291874
0.5063571,0.6243781,0.30873412,0.008291874
0.5060807,0.62465453,0.3084577,0.008291874
0.5058043,0.6249309,0.30818132,0.008291874
0.5055279,0.6252073,0.30818132,0.008291874
0.5052515,0.6257601,0.30818132,0.008291874
0.50497514,0.6257601,0.30818132,0.008291874
0.50469875,0.6257601,0.30818132,0.008291874
0.5044223,0.6257601,0.30818132,0.008291874
0.5041459,0.6257601,0.30818132,0.008291874
0.50386953,0.62603647,0.30790493,0.008291874
0.50359315,0.62631285,0.30790493,0.008291874
0.50331676,0.6265893,0.3076285,0.008291874
0.5030404,0.6268657,0.30735213,0.008291874
0.502764,0.6271421,0.30707574,0.008291874
0.50248754,0.62741846,0.30707574,0.008291874
0.50221115,0.62741846,0.30707574,0.008291874
0.50193477,0.62769485,0.30707574,0.008291874
0.5016584,0.62797123,0.30679932,0.008291874
0.501382,0.6282477,0.30652294,0.008291874
0.5011056,0.62852407,0.30624655,0.008291874
0.50082916,0.62880045,0.30597016,0.008291874
0.5005528,0.62907684,0.30569375,0.008291874
0.5002764,0.6293532,0.30541736,0.008291874
0.5,0.6293532,0.30541736,0.008291874
0.4997236,0.6296296,0.30514097,0.008291874
0.4994472,0.629906,0.30486456,0.008291874
0.4991708,0.631288,0.30486456,0.008291874
0.49889442,0.6315644,0.30458817,0.008291874
0.498618,0.6318408,0.30431178,0.008291874
0.49834162,0.6321172,0.30403537,0.008291874
0.49806523,0.6323936,0.30375898,0.008291874
0.49778885,0.6329464,0.3032062,0.008291874
0.49751243,0.63322276,0.3032062,0.008291874
0.49723604,0.63349915,0.3029298,0.008291874
0.49695966,0.63349915,0.3029298,0.008291874
0.49668324,0.63349915,0.3029298,0.008291874
0.49640685,0.63432837,0.30154783,0.008291874
0.49613047,0.63571036,0.2965727,0.008291874
0.49585405,0.63626313,0.2960199,0.008291874
0.49557766,0.6368159,0.2960199,0.008291874
0.49530128,0.6368159,0.2960199,0.008291874
0.4950249,0.6368159,0.2960199,0.008291874
0.49474847,0.6370923,0.2957435,0.008291874
0.4944721,0.6376451,0.29519072,0.008291874
0.4941957,0.6381979,0.29463792,0.008291874
0.49391928,0.6384743,0.29463792,0.008291874
0.4936429,0.6393035,0.29353234,0.008291874
0.4933665,0.6393035,0.29353234,0.008291874
0.4930901,0.64040905,0.27998894,0.011608624
0.4928137,0.64040905,0.27998894,0.011608624
0.49253732,0.64068544,0.27998894,0.011608624
0.4922609,0.64068544,0.27998894,0.011608624
0.49198452,0.6412383,0.27943614,0.011608624
0.49170813,0.64151466,0.27943614,0.011608624
0.49143174,0.64179105,0.27943614,0.011608624
0.49115533,0.6426202,0.27943614,0.011608624
0.49087894,0.6426202,0.27943614,0.011608624
0.49060255,0.64289665,0.27915975,0.011608624
0.49032614,0.64289665,0.27915975,0.011608624
0.49004975,0.64317304,0.27888337,0.011608624
0.48977336,0.6434494,0.27888337,0.011608624
0.48949695,0.6437258,0.27888337,0.011332228
0.48922056,0.6440022,0.27888337,0.011332228
0.48894417,0.64455503,0.27805418,0.011332228
0.4886678,0.6467662,0.27805418,0.008291874
0.48839137,0.6470426,0.2777778,0.008291874
0.48811498,0.64731896,0.2777778,0.008291874
0.4878386,0.64731896,0.2777778,0.008291874
0.48756218,0.64759535,0.27750137,0.008291874
0.4872858,0.64759535,0.27750137,0.008291874
0.4870094,0.64787173,0.277225,0.008291874
0.486733,0.6481481,0.2769486,0.008291874
0.4864566,0.64842457,0.27667218,0.008291874
0.48618022,0.64870095,0.2763958,0.008291874
0.4859038,0.64897734,0.2761194,0.008291874
0.4856274,0.6492537,0.275843,0.008291874
0.48535103,0.6495301,0.2755666,0.008291874
0.48507464,0.6498065,0.2755666,0.008291874
0.48479822,0.6498065,0.2755666,0.008291874
0.48452184,0.65035933,0.27501383,0.008291874
0.48424545,0.6506357,0.27473742,0.008291874
0.48396903,0.6506357,0.27473742,0.008291874
0.48369265,0.6509121,0.27446103,0.008291874
0.48341626,0.6509121,0.27446103,0.008291874
0.48313984,0.6511885,0.27418464,0.008291874
0.48286346,0.6514649,0.27418464,0.008291874
0.48258707,0.65174127,0.27418464,0.008015478
0.48231068,0.65174127,0.27418464,0.008015478
0.48203427,0.65174127,0.27418464,0.008015478
0.48175788,0.6520177,0.27390823,0.008015478
0.4814815,0.6520177,0.27390823,0.008015478
0.48120508,0.6522941,0.27363184,0.008015478
0.4809287,0.6525705,0.27363184,0.008015478
0.4806523,0.6528469,0.27335545,0.008015478
0.4803759,0.6528469,0.27335545,0.008015478
0.4800995,0.65339965,0.27280265,0.008015478
0.4798231,0.6539525,0.27224985,0.008015478
0.47954673,0.65422887,0.27224985,0.008015478
0.4792703,0.65450525,0.27224985,0.008015478
0.47899392,0.655058,0.27224985,0.008015478
0.47871754,0.6553344,0.27197346,0.008015478
0.47844112,0.65561086,0.27169707,0.008015478
0.47816473,0.65561086,0.27169707,0.008015478
0.47788835,0.65588725,0.2714207,0.008015478
0.47761193,0.65588725,0.2714207,0.008015478
0.47733554,0.65644,0.27086788,0.008015478
0.47705916,0.6567164,0.2705915,0.008015478
0.47678274,0.6569928,0.27031508,0.008015478
0.47650635,0.6572692,0.2700387,0.008015478
0.47622997,0.6575456,0.2697623,0.008015478
0.47595358,0.6580984,0.26893312,0.008015478
0.47567716,0.65892756,0.26810393,0.008015478
0.47540078,0.65892756,0.26810393,0.008015478
0.4751244,0.659204,0.26782754,0.008015478
0.47484797,0.6594804,0.26782754,0.0077390824
0.4745716,0.6597568,0.26782754,0.0077390824
0.4742952,0.66003317,0.26755112,0.0077390824
0.47401878,0.66030955,0.26755112,0.0077390824
0.4737424,0.6625207,0.26533997,0.0077390824
0.473466,0.66279715,0.26506358,0.0077390824
0.47318962,0.66307354,0.26478717,0.0077390824
0.4729132,0.6633499,0.26451078,0.0077390824
0.47263682,0.6636263,0.2642344,0.0077390824
0.47236043,0.6641791,0.2642344,0.0077390824
0.47208402,0.6644555,0.26395798,0.0077390824
0.47180763,0.6647319,0.2636816,0.0077390824
0.47153124,0.6650083,0.2634052,0.0077390824
0.47125483,0.6652847,0.2631288,0.0077390824
0.47097844,0.6655611,0.2628524,0.0077390824
0.47070205,0.66583747,0.262576,0.0077390824
0.47042564,0.66611385,0.262576,0.0077390824
0.47014925,0.6663903,0.26229963,0.0077390824
0.46987286,0.6663903,0.26229963,0.0077390824
0.46959648,0.6669431,0.26229963,0.0077390824
0.46932006,0.66832507,0.26064125,0.0077390824
0.46904367,0.66860145,0.26036483,0.0077390824
0.4687673,0.66887784,0.26008844,0.0077390824
0.46849087,0.6691542,0.25981206,0.0077390824
0.46821448,0.6694306,0.25981206,0.0077390824
0.4679381,0.6694306,0.25981206,0.0077390824
0.46766168,0.669707,0.25953564,0.0077390824
0.4673853,0.6699834,0.25925925,0.0077390824
0.4671089,0.67025983,0.25898287,0.0077390824
0.46683252,0.67025983,0.25898287,0.0077390824
0.4665561,0.6705362,0.25898287,0.0077390824
0.46627972,0.6708126,0.25870648,0.0077390824
0.46600333,0.671089,0.25843006,0.0077390824
0.4657269,0.6713654,0.25815368,0.0077390824
0.46545053,0.67164177,0.2578773,0.0077390824
0.46517414,0.67330015,0.2562189,0.0077390824
0.46489772,0.67330015,0.2562189,0.0077390824
0.46462134,0.67357653,0.2562189,0.0077390824
0.46434495,0.67357653,0.2562189,0.0077390824
0.46406853,0.67357653,0.2562189,0.0077390824
0.46379215,0.67412937,0.2556661,0.0077390824
0.46351576,0.67440575,0.25538972,0.0077390824
0.46323937,0.6749585,0.25483692,0.0077390824
0.46296296,0.6752349,0.25456053,0.0077390824
0.46268657,0.6752349,0.25456053,0.0077390824
0.46241018,0.6752349,0.25456053,0.0077390824
0.46213377,0.67551136,0.25456053,0.0077390824
0.46185738,0.67578775,0.25428414,0.0077390824
0.461581,0.67606413,0.25400773,0.0077390824
0.46130458,0.67606413,0.25400773,0.0077390824
0.4610282,0.6763405,0.25400773,0.0077390824
0.4607518,0.6782753,0.25400773,0.0077390824
0.46047541,0.6785517,0.25373134,0.0077390824
0.460199,0.6791045,0.25373134,0.0077390824
0.4599226,0.6793809,0.25373134,0.0077390824
0.45964622,0.67993367,0.25317854,0.0077390824
0.4593698,0.68021005,0.25290215,0.0077390824
0.45909342,0.68048644,0.25262576,0.0077390824
0.45881703,0.6807628,0.25234938,0.0077390824
0.45854062,0.6810393,0.25207296,0.0077390824
0.45826423,0.68131566,0.25179657,0.0077390824
0.45798784,0.68159205,0.25179657,0.0077390824
0.45771143,0.68186843,0.25179657,0.0077390824
0.45743504,0.6821448,0.2515202,0.0077390824
0.45715865,0.6824212,0.25124377,0.0077390824
0.45688227,0.6826976,0.25096738,0.0077390824
0.45660585,0.68297404,0.250691,0.0077390824
0.45632946,0.6832504,0.25041458,0.0077390824
0.45605308,0.6838032,0.2495854,0.0077390824
0.45577666,0.6846324,0.24875621,0.0077390824
0.45550027,0.6849088,0.24847983,0.0077390824
0.4552239,0.6849088,0.24847983,0.0077390824
0.45494747,0.6851852,0.24847983,0.0077390824
0.45467108,0.6854616,0.24820343,0.0077390824
0.4543947,0.6854616,0.24820343,0.0077390824
0.4541183,0.6854616,0.24820343,0.0077390824
0.4538419,0.68573797,0.24792702,0.0077390824
0.4535655,0.68573797,0.24792702,0.0077390824
0.45328912,0.68601435,0.24792702,0.0077390824
0.4530127,0.68629074,0.24765064,0.0077390824
0.45273632,0.68629074,0.24765064,0.0077390824
0.45245993,0.6865672,0.24737424,0.0077390824
0.4521835,0.68739635,0.24654505,0.0077390824
0.45190713,0.68767273,0.24626866,0.0077390824
0.45163074,0.68767273,0.24626866,0.0077390824
0.45135432,0.6879491,0.24599226,0.0077390824
0.45107794,0.68850195,0.24599226,0.0077390824
0.45080155,0.68877834,0.24599226,0.0077390824
0.45052516,0.6890547,0.24571587,0.0077390824
0.45024875,0.6907131,0.24378109,0.0077390824
0.44997236,0.6909895,0.2435047,0.0077390824
0.44969597,0.6912659,0.2435047,0.0077390824
0.44941956,0.69154227,0.2432283,0.0077390824
0.44914317,0.6918187,0.2429519,0.0077390824
0.44886678,0.6920951,0.24267551,0.0077390824
0.44859037,0.6923715,0.24267551,0.0077390824
0.44831398,0.6926479,0.24239911,0.0077390824
0.4480376,0.69292426,0.24239911,0.0077390824
0.4477612,0.69292426,0.24239911,0.0077390824
0.4474848,0.69320065,0.24212272,0.0077390824
0.4472084,0.69347703,0.24184632,0.0077390824
0.44693202,0.69347703,0.24184632,0.0077390824
0.4466556,0.69347703,0.24184632,0.0077390824
0.4463792,0.69347703,0.24184632,0.0077390824
0.44610283,0.69347703,0.24184632,0.0077390824
0.4458264,0.6937535,0.24156992,0.0077390824
0.44555002,0.69402987,0.24129353,0.0077390824
0.44527364,0.69458264,0.24074075,0.0077390824
0.44499722,0.694859,0.24046434,0.0077390824
0.44472083,0.6954118,0.24046434,0.0077390824
0.44444445,0.69568825,0.24046434,0.0077390824
0.44416806,0.69596463,0.24046434,0.0077390824
0.44389164,0.696241,0.24046434,0.0074626864
0.44361526,0.696241,0.24046434,0.0074626864
0.44333887,0.6965174,0.24046434,0.0074626864
0.44306245,0.6965174,0.24046434,0.0074626864
0.44278607,0.6967938,0.24046434,0.0074626864
0.44250968,0.6970702,0.24018794,0.0074626864
0.44223326,0.6970702,0.24018794,0.0074626864
0.44195688,0.6973466,0.24018794,0.0074626864
0.4416805,0.697623,0.24018794,0.0074626864
0.4414041,0.697623,0.24018794,0.0074626864
0.4411277,0.6984522,0.23935877,0.0074626864
0.4408513,0.69872856,0.23908237,0.0074626864
0.4405749,0.69900495,0.23908237,0.0074626864
0.4402985,0.6992814,0.23880596,0.0074626864
0.4400221,0.6995578,0.23852958,0.0074626864
0.43974572,0.69983417,0.23825318,0.0074626864
0.4394693,0.7009398,0.2368712,0.0074626864
0.43919292,0.7009398,0.2368712,0.0074626864
0.43891653,0.70121616,0.23659481,0.0074626864
0.43864015,0.70149255,0.23631841,0.0074626864
0.43836373,0.70149255,0.23631841,0.0074626864
0.43808734,0.70176893,0.23604201,0.0074626864
0.43781096,0.7020453,0.23604201,0.0074626864
0.43753454,0.7025981,0.23548922,0.0074626864
0.43725815,0.7037037,0.23438364,0.0074626864
0.43698177,0.7037037,0.23438364,0.0074626864
0.43670535,0.7039801,0.23438364,0.0074626864
0.43642896,0.7042565,0.23410724,0.0074626864
0.43615258,0.70453286,0.23383084,0.0074626864
0.43587616,0.70453286,0.23383084,0.0074626864
0.43559977,0.70453286,0.23383084,0.0074626864
0.4353234,0.7048093,0.23383084,0.0074626864
0.435047,0.7050857,0.23355445,0.0074626864
0.43477058,0.7053621,0.23327805,0.0074626864
0.4344942,0.70591486,0.23327805,0.0074626864
0.4342178,0.70591486,0.23327805,0.0074626864
0.4339414,0.70619124,0.23300166,0.0074626864
0.433665,0.7064677,0.23272526,0.0074626864
0.43338862,0.7067441,0.23244886,0.0074626864
0.4331122,0.70702046,0.23217247,0.0074626864
0.43283582,0.70702046,0.23217247,0.0074626864
0.43255943,0.70729685,0.23189607,0.0074626864
0.43228304,0.70757324,0.23161969,0.0074626864
0.43200663,0.7078496,0.23134328,0.0074626864
0.43173024,0.708126,0.23134328,0.0074626864
0.43145385,0.70840245,0.23106688,0.0074626864
0.43117744,0.70840245,0.23106688,0.0074626864
0.43090105,0.70840245,0.23106688,0.0074626864
0.43062466,0.70840245,0.23106688,0.0074626864
0.43034825,0.70867884,0.2307905,0.0074626864
0.43007186,0.7089552,0.2305141,0.0074626864
0.42979547,0.7092316,0.23023771,0.0074626864
0.42951906,0.71171916,0.22581537,0.0074626864
0.42924267,0.7119956,0.22553897,0.0074626864
0.42896628,0.712272,0.22553897,0.0074626864
0.4286899,0.7125484,0.22526258,0.0074626864
0.42841348,0.71282476,0.22526258,0.0074626864
0.4281371,0.71310115,0.22498618,0.0074626864
0.4278607,0.71310115,0.22498618,0.0074626864
0.4275843,0.71337754,0.22498618,0.0074626864
0.4273079,0.713654,0.22470978,0.0074626864
0.42703152,0.71393037,0.22443339,0.0074626864
0.4267551,0.71393037,0.22443339,0.0074626864
0.4264787,0.7147595,0.22443339,0.0069098948
0.42620233,0.7150359,0.22415699,0.0069098948
0.42592594,0.7153123,0.2238806,0.0069098948
0.42564952,0.7153123,0.2238806,0.0069098948
0.42537314,0.71558875,0.2236042,0.0069098948
0.42509675,0.71558875,0.2236042,0.0069098948
0.42482033,0.71586514,0.2233278,0.0069098948
0.42454395,0.7164179,0.2233278,0.0069098948
0.42426756,0.7164179,0.2233278,0.0069098948
0.42399114,0.7164179,0.2233278,0.0069098948
0.42371476,0.7164179,0.2233278,0.0069098948
0.42343837,0.7164179,0.2233278,0.0069098948
0.42316195,0.7164179,0.2233278,0.0069098948
0.42288557,0.7166943,0.2233278,0.0069098948
0.42260918,0.7169707,0.22305141,0.0069098948
0.4223328,0.71724707,0.22277501,0.0069098948
0.42205638,0.7175235,0.22249861,0.0069098948
0.42178,0.7180763,0.22194582,0.0069098948
0.4215036,0.7183527,0.22194582,0.006633499
0.4212272,0.71890545,0.22139303,0.006633499
0.4209508,0.7191819,0.22111663,0.006633499
0.4206744,0.7191819,0.22111663,0.006633499
0.420398,0.7194583,0.22084025,0.006633499
0.4201216,0.71973467,0.22056384,0.006633499
0.41984522,0.72001106,0.22028746,0.006633499
0.41956884,0.72111666,0.22028746,0.006633499
0.41929242,0.72111666,0.22028746,0.006633499
0.41901603,0.72166944,0.21973465,0.006633499
0.41873965,0.7222222,0.21918187,0.006633499
0.41846323,0.7224986,0.21890548,0.006633499
0.41818684,0.72277504,0.21862908,0.006633499
0.41791046,0.72277504,0.21862908,0.006633499
0.41763404,0.7230514,0.21835268,0.006633499
0.41735765,0.7233278,0.21835268,0.006633499
0.41708127,0.7236042,0.21807629,0.006633499
0.41680485,0.7238806,0.21807629,0.006633499
0.41652846,0.724157,0.21779989,0.006633499
0.41625208,0.724157,0.21779989,0.006633499
0.4159757,0.72443336,0.2175235,0.006633499
0.41569927,0.7252626,0.2175235,0.005527916
0.4154229,0.7252626,0.2175235,0.005527916
0.4151465,0.7252626,0.2175235,0.005527916
0.41487008,0.72609174,0.21641791,0.005527916
0.4145937,0.72609174,0.21641791,0.005527916
0.4143173,0.72609174,0.21641791,0.005527916
0.4140409,0.7263682,0.21614152,0.005527916
0.4137645,0.7263682,0.21614152,0.005527916
0.41348812,0.7266446,0.21586512,0.005527916
0.41321173,0.7277501,0.21475953,0.005527916
0.41293532,0.7280265,0.21448314,0.005527916
0.41265893,0.72830296,0.21448314,0.005527916
0.41238254,0.72857934,0.21448314,0.005527916
0.41210613,0.7288557,0.21420674,0.005527916
0.41182974,0.7291321,0.21420674,0.005527916
0.41155335,0.7294085,0.21393035,0.005527916
0.41127694,0.7296849,0.21365395,0.005527916
0.41100055,0.7302377,0.21310116,0.005527916
0.41072416,0.7305141,0.21310116,0.005527916
0.41044775,0.7307905,0.21282476,0.005527916
0.41017136,0.7310669,0.21254838,0.005527916
0.40989497,0.73134327,0.21227197,0.005527916
0.4096186,0.73161966,0.21227197,0.005527916
0.40934217,0.7318961,0.21199557,0.005527916
0.40906578,0.7321725,0.21171919,0.005527916
0.4087894,0.73272526,0.2111664,0.005527916
0.40851298,0.73272526,0.2111664,0.005527916
0.4082366,0.73272526,0.2111664,0.005527916
0.4079602,0.73300165,0.21089,0.005527916
0.4076838,0.73327804,0.2106136,0.005527916
0.4074074,0.7335544,0.2103372,0.005527916
0.40713102,0.73438364,0.20950802,0.005527916
0.40685463,0.73438364,0.20950802,0.005527916
0.4065782,0.73466,0.20923162,0.005527916
0.40630183,0.7349364,0.20895523,0.005527916
0.40602544,0.7349364,0.20895523,0.005527916
0.40574902,0.7349364,0.20895523,0.005527916
0.40547264,0.7352128,0.20867883,0.005527916
0.40519625,0.73548925,0.20840243,0.005527916
0.40491983,0.73548925,0.20840243,0.005527916
0.40464345,0.73548925,0.20840243,0.005527916
0.40436706,0.73576564,0.20840243,0.005527916
0.40409064,0.736042,0.20812604,0.005527916
0.40381426,0.7363184,0.20784964,0.005527916
0.40353787,0.7368712,0.20784964,0.005527916
0.40326148,0.73714757,0.20784964,0.005527916
0.40298507,0.737424,0.20757325,0.005527916
0.40270868,0.7377004,0.20757325,0.005527916
0.4024323,0.7379768,0.20729685,0.005527916
0.40215588,0.7382532,0.20702045,0.005527916
0.4018795,0.73852956,0.20674406,0.005527916
0.4016031,0.73852956,0.20674406,0.005527916
0.4013267,0.73880595,0.20646766,0.005527916
0.4010503,0.73908234,0.20619127,0.005527916
0.4007739,0.73908234,0.20619127,0.005527916
0.40049753,0.73908234,0.20619127,0.005527916
0.4002211,0.7393588,0.20591487,0.005527916
0.39994472,0.7393588,0.20591487,0.005527916
0.39966834,0.73963517,0.20563847,0.005527916
0.39939192,0.73963517,0.20563847,0.005527916
0.39911553,0.73963517,0.20563847,0.005527916
0.39883915,0.74018794,0.20508568,0.005527916
0.39856273,0.7404643,0.2048093,0.005527916
0.39828634,0.7407407,0.20453289,0.005527916
0.39800996,0.7418463,0.20315091,0.005527916
0.39773357,0.7421227,0.20315091,0.005527916
0.39745715,0.7423991,0.20315091,0.005527916
0.39718077,0.7423991,0.20315091,0.005527916
0.39690438,0.7426755,0.20315091,0.005527916
0.39662796,0.7429519,0.20287451,0.005527916
0.39635158,0.7429519,0.20287451,0.005527916
0.3960752,0.7432283,0.20259812,0.005527916
0.39579877,0.7435047,0.20232172,0.005527916
0.3955224,0.7437811,0.20232172,0.005527916
0.395246,0.7440575,0.20204532,0.005527916
0.39496958,0.7446103,0.20149253,0.005527916
0.3946932,0.7448867,0.20121615,0.005527916
0.3944168,0.7451631,0.20093974,0.005527916
0.39414042,0.7451631,0.20093974,0.005527916
0.393864,0.74543947,0.20066334,0.005527916
0.39358762,0.74543947,0.20066334,0.005527916
0.39331123,0.74543947,0.20066334,0.005527916
0.39303482,0.74571586,0.20038696,0.005527916
0.39275843,0.74599224,0.20011055,0.005527916
0.39248204,0.74626863,0.20011055,0.005527916
0.39220563,0.7465451,0.20011055,0.005527916
0.39192924,0.74737424,0.20011055,0.005527916
0.39165285,0.74737424,0.20011055,0.005527916
0.39137647,0.74737424,0.20011055,0.005527916
0.39110005,0.7476506,0.19983417,0.005527916
0.39082366,0.747927,0.19983417,0.005527916
0.39054728,0.75290215,0.19430624,0.005527916
0.39027086,0.75317854,0.19430624,0.005527916
0.38999447,0.75317854,0.19430624,0.005527916
0.3897181,0.75400776,0.19320066,0.005527916
0.38944167,0.75428414,0.19320066,0.005527916
0.38916528,0.75428414,0.19320066,0.005527916
0.3888889,0.7548369,0.19264787,0.005527916
0.38861248,0.7548369,0.19264787,0.005527916
0.3883361,0.7551133,0.19264787,0.005527916
0.3880597,0.7551133,0.19264787,0.005527916
0.38778332,0.7551133,0.19264787,0.005527916
0.3875069,0.7551133,0.19264787,0.005527916
0.38723052,0.7553897,0.19237147,0.005527916
0.38695413,0.75566614,0.19209509,0.005527916
0.3866777,0.75566614,0.19209509,0.005527916
0.38640133,0.7559425,0.19181868,0.005527916
0.38612494,0.7559425,0.19181868,0.005527916
0.38584852,0.7559425,0.19181868,0.005527916
0.38557214,0.7562189,0.19154228,0.005527916
0.38529575,0.7564953,0.19154228,0.005527916
0.38501936,0.7567717,0.1912659,0.005527916
0.38474295,0.7567717,0.1912659,0.005527916
0.38446656,0.7570481,0.1909895,0.005527916
0.38419017,0.7573245,0.19071311,0.005527916
0.38391376,0.7576009,0.19071311,0.005527916
0.38363737,0.7578773,0.1904367,0.005527916
0.38336098,0.7581537,0.1904367,0.005527916
0.38308457,0.75843006,0.1901603,0.005527916
0.38280818,0.75870645,0.18988392,0.005527916
0.3825318,0.75898284,0.18960752,0.005527916
0.38225538,0.7592593,0.18933113,0.005527916
0.381979,0.7595357,0.18905473,0.005527916
0.3817026,0.7595357,0.18905473,0.005527916
0.38142622,0.75981206,0.18877833,0.005527916
0.3811498,0.75981206,0.18877833,0.005527916
0.3808734,0.76008844,0.18877833,0.005527916
0.38059703,0.76008844,0.18877833,0.005527916
0.3803206,0.76008844,0.18877833,0.005527916
0.38004422,0.76091766,0.18794914,0.005527916
0.37976784,0.76091766,0.18794914,0.005527916
0.37949142,0.76119405,0.18794914,0.005527916
0.37921503,0.76147044,0.18794914,0.005527916
0.37893865,0.76147044,0.18794914,0.005527916
0.37866226,0.7617468,0.18767275,0.005527916
0.37838584,0.7620232,0.18739635,0.005527916
0.37810946,0.7620232,0.18739635,0.005527916
0.37783307,0.7620232,0.18739635,0.005527916
0.37755665,0.7620232,0.18739635,0.005527916
0.37728027,0.7620232,0.18739635,0.005527916
0.37700388,0.7622996,0.18739635,0.005527916
0.37672746,0.762576,0.18711996,0.005527916
0.37645108,0.76285243,0.18684356,0.005527916
0.3761747,0.7631288,0.18656716,0.005527916
0.37589827,0.7631288,0.18656716,0.005527916
0.37562189,0.7634052,0.18629077,0.005527916
0.3753455,0.7634052,0.18629077,0.005527916
0.3750691,0.7634052,0.18629077,0.005527916
0.3747927,0.7636816,0.18629077,0.005527916
0.3745163,0.763958,0.18629077,0.005527916
0.37423992,0.76423436,0.18601437,0.005527916
0.3739635,0.76451075,0.18573798,0.005527916
0.37368712,0.76451075,0.18573798,0.005527916
0.37341073,0.76451075,0.18573798,0.005527916
0.37313432,0.7647872,0.18573798,0.005527916
0.37285793,0.7650636,0.18573798,0.0052515203
0.37258154,0.7650636,0.18573798,0.0052515203
0.37230515,0.7650636,0.18573798,0.0052515203
0.37202874,0.7650636,0.18573798,0.0052515203
0.37175235,0.76534,0.18573798,0.0052515203
0.37147596,0.76616913,0.18573798,0.0052515203
0.37119955,0.76616913,0.18573798,0.0052515203
0.37092316,0.76672196,0.18518518,0.0052515203
0.37064677,0.76699835,0.18518518,0.0052515203
0.37037036,0.76727474,0.18490879,0.0052515203
0.37009397,0.76727474,0.18490879,0.0052515203
0.36981758,0.7675511,0.18463239,0.0052515203
0.36954117,0.7675511,0.18463239,0.0052515203
0.36926478,0.7678275,0.184356,0.0052515203
0.3689884,0.7681039,0.1840796,0.0052515203
0.368712,0.76838034,0.1838032,0.0052515203
0.3684356,0.76865673,0.18352681,0.0052515203
0.3681592,0.7689331,0.18325041,0.0052515203
0.36788282,0.7697623,0.18131565,0.0052515203
0.3676064,0.7697623,0.18131565,0.0052515203
0.36733,0.7697623,0.18131565,0.0052515203
0.36705363,0.7700387,0.18103924,0.0052515203
0.3667772,0.7703151,0.18076286,0.0052515203
0.36650082,0.7705915,0.18076286,0.0052515203
0.36622444,0.7708679,0.18048646,0.0052515203
0.36594805,0.7711443,0.18048646,0.0052515203
0.36567163,0.77169704,0.17689331,0.0052515203
0.36539525,0.7719735,0.17661692,0.0052515203
0.36511886,0.7722499,0.17634052,0.0052515203
0.36484244,0.7722499,0.17634052,0.0052515203
0.36456606,0.7722499,0.17634052,0.0052515203
0.36428967,0.77252626,0.17634052,0.0049751243
0.36401325,0.77280265,0.17606412,0.0049751243
0.36373687,0.77390826,0.17440575,0.0049751243
0.36346048,0.77418464,0.17440575,0.0049751243
0.3631841,0.77418464,0.17440575,0.0049751243
0.36290768,0.77446103,0.17440575,0.0049751243
0.3626313,0.7750138,0.17440575,0.0049751243
0.3623549,0.7752902,0.17412935,0.0049751243
0.3620785,0.7752902,0.17412935,0.0049751243
0.3618021,0.77556664,0.17385295,0.0049751243
0.3615257,0.77556664,0.17385295,0.0049751243
0.3612493,0.77556664,0.17385295,0.0049751243
0.3609729,0.77556664,0.17385295,0.0049751243
0.36069652,0.775843,0.17385295,0.0049751243
0.3604201,0.7761194,0.17357656,0.0049751243
0.36014372,0.7769486,0.17191818,0.0049751243
0.35986733,0.77722496,0.1716418,0.0049751243
0.35959095,0.77722496,0.1716418,0.0049751243
0.35931453,0.7775014,0.1713654,0.0049751243
0.35903814,0.7777778,0.171089,0.0049751243
0.35876176,0.77833056,0.171089,0.0049751243
0.35848534,0.77860695,0.1708126,0.0049751243
0.35820895,0.77860695,0.1708126,0.0049751243
0.35793257,0.77860695,0.1708126,0.0049751243
0.35765615,0.77888334,0.1705362,0.0049751243
0.35737976,0.77888334,0.1705362,0.0049751243
0.35710338,0.77888334,0.1705362,0.0049751243
0.356827,0.77888334,0.1705362,0.0049751243
0.35655057,0.77888334,0.1705362,0.0049751243
0.3562742,0.7791598,0.17025982,0.0049751243
0.3559978,0.77971256,0.17025982,0.0049751243
0.35572138,0.77998894,0.16998342,0.0049751243
0.355445,0.78026533,0.16998342,0.0049751243
0.3551686,0.78026533,0.16998342,0.0049751243
0.3548922,0.7808181,0.16943063,0.0049751243
0.3546158,0.78109455,0.16915423,0.0049751243
0.35433942,0.78109455,0.16915423,0.0049751243
0.354063,0.78137094,0.16887784,0.0049751243
0.35378662,0.78275293,0.16749585,0.0049751243
0.35351023,0.7830293,0.16749585,0.0049751243
0.35323384,0.7833057,0.16749585,0.0049751243
0.35295743,0.78441125,0.16639027,0.0049751243
0.35268104,0.78441125,0.16639027,0.0049751243
0.35240465,0.7846877,0.16639027,0.0049751243
0.35212824,0.7846877,0.16639027,0.0049751243
0.35185185,0.7846877,0.16639027,0.0049751243
0.35157546,0.7849641,0.16639027,0.0049751243
0.35129905,0.7849641,0.16639027,0.0049751243
0.35102266,0.7852405,0.16611387,0.0049751243
0.35074627,0.78551686,0.16583748,0.0049751243
0.3504699,0.78606963,0.16583748,0.0049751243
0.35019347,0.78662246,0.1652847,0.0049751243
0.34991708,0.78689885,0.1652847,0.0049751243
0.3496407,0.787728,0.16362631,0.0049751243
0.34936428,0.7880044,0.16334991,0.0049751243
0.3490879,0.78828084,0.16307352,0.0049751243
0.3488115,0.78855723,0.16307352,0.0046987287
0.3485351,0.7888336,0.16279712,0.0046987287
0.3482587,0.78911,0.16252074,0.0046987287
0.34798232,0.7893864,0.16224433,0.0046987287
0.3477059,0.7896628,0.16196793,0.0046987287
0.3474295,0.78993917,0.16169155,0.0046987287
0.34715313,0.78993917,0.16169155,0.0046987287
0.34687674,0.78993917,0.16169155,0.0046987287
0.34660032,0.7902156,0.16141514,0.0046987287
0.34632394,0.790492,0.16141514,0.0046987287
0.34604755,0.7907684,0.16113876,0.0046987287
0.34577113,0.7910448,0.16086236,0.0046987287
0.34549475,0.79132116,0.16086236,0.0046987287
0.34521836,0.79159755,0.16058595,0.0046987287
0.34494194,0.79159755,0.16058595,0.0046987287
0.34466556,0.79159755,0.16058595,0.0046987287
0.34438917,0.791874,0.16030957,0.0046987287
0.34411278,0.79270315,0.15865119,0.0046987287
0.34383637,0.79297954,0.15837479,0.0046987287
0.34355998,0.7932559,0.1580984,0.0046987287
0.3432836,0.7935323,0.157822,0.0046987287
0.34300718,0.7935323,0.157822,0.0046987287
0.3427308,0.79408514,0.15726921,0.0046987287
0.3424544,0.79408514,0.15726921,0.0046987287
0.342178,0.79436153,0.15699281,0.0046987287
0.3419016,0.7946379,0.15671642,0.0046987287
0.3416252,0.7946379,0.15671642,0.0046987287
0.3413488,0.7946379,0.15671642,0.0046987287
0.3410724,0.7946379,0.15671642,0.0046987287
0.34079602,0.7949143,0.15671642,0.0046987287
0.34051964,0.7962963,0.15505804,0.0046987287
0.34024322,0.7962963,0.15505804,0.0046987287
0.33996683,0.7962963,0.15505804,0.0046987287
0.33969045,0.7965727,0.15478165,0.0046987287
0.33941403,0.79712546,0.15422885,0.0046987287
0.33913764,0.79712546,0.15422885,0.0046987287
0.33886126,0.79712546,0.15422885,0.0046987287
0.33858484,0.7974019,0.15422885,0.0046987287
0.33830845,0.7974019,0.15422885,0.0046987287
0.33803207,0.7974019,0.15422885,0.0046987287
0.33775568,0.7974019,0.15422885,0.0046987287
0.33747926,0.7976783,0.15395246,0.0046987287
0.33720288,0.7979547,0.15367606,0.0046987287
0.3369265,0.7979547,0.15367606,0.0046987287
0.33665007,0.7979547,0.15367606,0.0046987287
0.3363737,0.7979547,0.15367606,0.0046987287
0.3360973,0.7979547,0.15367606,0.0046987287
0.33582088,0.7979547,0.15367606,0.0046987287
0.3355445,0.79823107,0.15367606,0.0046987287
0.3352681,0.79823107,0.15367606,0.0046987287
0.3349917,0.79878384,0.15367606,0.0046987287
0.3347153,0.7993367,0.15312327,0.0046987287
0.33443892,0.79988945,0.15257049,0.0046987287
0.33416253,0.8021006,0.14980653,0.0046987287
0.33388612,0.8021006,0.14980653,0.0046987287
0.33360973,0.8021006,0.14980653,0.0046987287
0.33333334,0.802377,0.14980653,0.0044223326
0.33305693,0.8026534,0.14953013,0.0044223326
0.33278054,0.8032062,0.14953013,0.0044223326
0.33250415,0.8032062,0.14953013,0.0044223326
0.33222774,0.8034826,0.14953013,0.0044223326
0.33195135,0.8034826,0.14953013,0.0044223326
0.33167496,0.803759,0.14953013,0.0044223326
0.33139858,0.80403537,0.14925373,0.0044223326
0.33112216,0.80403537,0.14925373,0.0044223326
0.33084577,0.80403537,0.14925373,0.0044223326
0.3305694,0.80431175,0.14925373,0.0044223326
0.33029297,0.8045882,0.14897734,0.0044223326
0.33001658,0.8048646,0.14870094,0.0044223326
0.3297402,0.8048646,0.14870094,0.0044223326
0.32946378,0.805141,0.14842455,0.0044223326
0.3291874,0.805141,0.14842455,0.0044223326
0.328911,0.80541736,0.14842455,0.0044223326
0.3286346,0.80541736,0.14842455,0.0044223326
0.3283582,0.80569375,0.14842455,0.0044223326
0.32808182,0.80597013,0.14842455,0.0044223326
0.32780543,0.8062465,0.14814815,0.0044223326
0.327529,0.80652297,0.14787175,0.0044223326
0.32725263,0.80679935,0.14759536,0.0044223326
0.32697624,0.8073521,0.14704256,0.0044223326
0.32669982,0.8073521,0.14704256,0.0044223326
0.32642344,0.8073521,0.14704256,0.0044223326
0.32614705,0.80845773,0.14704256,0.0044223326
0.32587063,0.80845773,0.14704256,0.0044223326
0.32559425,0.8087341,0.14676617,0.0044223326
0.32531786,0.8087341,0.14676617,0.0044223326
0.32504147,0.8087341,0.14676617,0.0044223326
0.32476506,0.80983967,0.14676617,0.0044223326
0.32448867,0.8101161,0.14648977,0.0044223326
0.32421228,0.8103925,0.14648977,0.0044223326
0.32393587,0.8103925,0.14648977,0.0044223326
0.32365948,0.8106689,0.14648977,0.0044223326
0.3233831,0.8106689,0.14648977,0.0044223326
0.32310668,0.81122166,0.14593698,0.0044223326
0.3228303,0.81177443,0.14593698,0.0044223326
0.3225539,0.8120509,0.14593698,0.0044223326
0.32227752,0.81232727,0.14566058,0.0044223326
0.3220011,0.81260365,0.14538419,0.0044223326
0.3217247,0.81288004,0.14510779,0.0044223326
0.32144833,0.8131564,0.1448314,0.0044223326
0.3211719,0.8134328,0.144555,0.0044223326
0.32089552,0.8134328,0.144555,0.0044223326
0.32061914,0.81370926,0.144555,0.0044223326
0.32034272,0.81398565,0.1442786,0.0044223326
0.32006633,0.81398565,0.1442786,0.0044223326
0.31978995,0.81426203,0.14400221,0.0044223326
0.31951353,0.8145384,0.14372581,0.0044223326
0.31923714,0.8148148,0.14344943,0.0044223326
0.31896076,0.8153676,0.14289662,0.0044223326
0.31868437,0.815644,0.14262024,0.0044223326
0.31840795,0.8159204,0.14234383,0.0044223326
0.31813157,0.8159204,0.14234383,0.0044223326
0.31785518,0.8161968,0.14206745,0.0044223326
0.31757876,0.8164732,0.14179105,0.0044223326
0.31730238,0.8167496,0.14151464,0.0044223326
0.317026,0.8173024,0.14096186,0.0044223326
0.31674957,0.8175788,0.14068547,0.0044223326
0.3164732,0.8178552,0.14040907,0.0044223326
0.3161968,0.8178552,0.14040907,0.0044223326
0.3159204,0.8178552,0.14040907,0.0044223326
0.315644,0.81813157,0.14013267,0.0044223326
0.3153676,0.81840795,0.13985628,0.0044223326
0.31509122,0.81868434,0.13985628,0.0044223326
0.3148148,0.8189607,0.13957988,0.0044223326
0.31453842,0.8189607,0.13957988,0.0044223326
0.31426203,0.81951356,0.13957988,0.0044223326
0.31398562,0.81951356,0.13957988,0.0044223326
0.31370923,0.81978995,0.13930348,0.0044223326
0.31343284,0.82006633,0.13930348,0.0044223326
0.31315643,0.82006633,0.13930348,0.0044223326
0.31288004,0.82006633,0.13930348,0.0044223326
0.31260365,0.82117194,0.13764511,0.0044223326
0.31232727,0.82117194,0.13764511,0.0044223326
0.31205085,0.8214483,0.13736871,0.0044223326
0.31177446,0.8217247,0.13709232,0.0044223326
0.31149808,0.8220011,0.13709232,0.0044223326
0.31122166,0.8222775,0.13681592,0.0044223326
0.31094527,0.8225539,0.13681592,0.0044223326
0.3106689,0.8225539,0.13681592,0.0044223326
0.31039247,0.8228303,0.13681592,0.0044223326
0.31011608,0.8231067,0.13653952,0.0044223326
0.3098397,0.8231067,0.13653952,0.0044223326
0.3095633,0.8233831,0.13626313,0.0044223326
0.3092869,0.8233831,0.13626313,0.0044223326
0.3090105,0.8236595,0.13598673,0.0044223326
0.30873412,0.8236595,0.13598673,0.0044223326
0.3084577,0.82393587,0.13571034,0.0044223326
0.30818132,0.82421225,0.13543394,0.0044223326
0.30790493,0.82421225,0.13543394,0.0044223326
0.3076285,0.82448864,0.13515754,0.0044223326
0.30735213,0.82448864,0.13515754,0.0044223326
0.30707574,0.8247651,0.13515754,0.0044223326
0.30679932,0.8247651,0.13515754,0.0044223326
0.30652294,0.8250415,0.13488115,0.0044223326
0.30624655,0.82531786,0.13460475,0.0044223326
0.30597016,0.82531786,0.13460475,0.0044223326
0.30569375,0.82559425,0.13432837,0.0044223326
0.30541736,0.826147,0.13432837,0.0044223326
0.30514097,0.826147,0.13432837,0.0044223326
0.30486456,0.826147,0.13432837,0.0044223326
0.30458817,0.82642347,0.13432837,0.004145937
0.30431178,0.82669985,0.13405196,0.004145937
0.30403537,0.82669985,0.13405196,0.004145937
0.30375898,0.82697624,0.13405196,0.004145937
0.3034826,0.82697624,0.13405196,0.004145937
0.3032062,0.82697624,0.13405196,0.004145937
0.3029298,0.8272526,0.13377556,0.004145937
0.3026534,0.827529,0.13377556,0.004145937
0.30237702,0.827529,0.13377556,0.004145937
0.3021006,0.827529,0.13377556,0.004145937
0.3018242,0.827529,0.13377556,0.004145937
0.30154783,0.827529,0.13377556,0.004145937
0.3012714,0.8278054,0.13349918,0.004145937
0.30099502,0.8278054,0.13349918,0.004145937
0.30071864,0.8280818,0.13322277,0.004145937
0.30044222,0.828911,0.13239358,0.004145937
0.30016583,0.828911,0.13239358,0.004145937
0.29988945,0.8291874,0.1321172,0.004145937
0.29961306,0.8294638,0.1321172,0.004145937
0.29933664,0.8294638,0.1321172,0.004145937
0.29906026,0.8294638,0.1321172,0.004145937
0.29878387,0.82974017,0.1321172,0.004145937
0.29850745,0.8300166,0.1318408,0.004145937
0.29823107,0.830293,0.1315644,0.004145937
0.29795468,0.8305694,0.1315644,0.004145937
0.29767826,0.8305694,0.1315644,0.004145937
0.29740188,0.8305694,0.1315644,0.004145937
0.2971255,0.8308458,0.131288,0.004145937
0.2968491,0.83112216,0.1310116,0.004145937
0.2965727,0.83139855,0.13073522,0.004145937
0.2962963,0.83278054,0.12935324,0.004145937
0.2960199,0.83278054,0.12935324,0.004145937
0.2957435,0.8333333,0.12880044,0.004145937
0.2954671,0.8333333,0.12880044,0.004145937
0.29519072,0.8336097,0.12880044,0.004145937
0.2949143,0.83388615,0.12880044,0.004145937
0.29463792,0.83416253,0.12852405,0.004145937
0.29436153,0.8344389,0.12824765,0.004145937
0.29408512,0.8347153,0.12797126,0.004145937
0.29380873,0.8349917,0.12769486,0.004145937
0.29353234,0.8349917,0.12769486,0.004145937
0.29325595,0.8349917,0.12769486,0.004145937
0.29297954,0.8352681,0.12769486,0.004145937
0.29270315,0.8352681,0.12769486,0.004145937
0.29242676,0.8355445,0.12741846,0.004145937
0.29215035,0.8358209,0.12714207,0.004145937
0.29187396,0.8358209,0.12714207,0.004145937
0.29159757,0.8363737,0.12714207,0.004145937
0.29132116,0.8366501,0.12686567,0.004145937
0.29104477,0.8366501,0.12686567,0.004145937
0.29076838,0.83692646,0.12686567,0.004145937
0.290492,0.83720285,0.12658927,0.004145937
0.29021558,0.83720285,0.12658927,0.004145937
0.2899392,0.8374793,0.12631288,0.004145937
0.2896628,0.8374793,0.12631288,0.004145937
0.2893864,0.8377557,0.12631288,0.004145937
0.28911,0.83803207,0.12631288,0.004145937
0.28883362,0.83830845,0.12603648,0.004145937
0.2885572,0.83830845,0.12603648,0.004145937
0.2882808,0.83858484,0.1257601,0.004145937
0.28800443,0.83969045,0.1246545,0.004145937
0.28772804,0.83969045,0.1246545,0.004145937
0.28745162,0.83969045,0.1246545,0.004145937
0.28717524,0.83969045,0.1246545,0.004145937
0.28689885,0.83969045,0.1246545,0.004145937
0.28662243,0.83969045,0.1246545,0.004145937
0.28634605,0.8402432,0.1246545,0.004145937
0.28606966,0.8405196,0.12437811,0.004145937
0.28579324,0.8405196,0.12437811,0.004145937
0.28551686,0.8405196,0.12437811,0.004145937
0.28524047,0.840796,0.12410171,0.004145937
0.28496405,0.84107244,0.12382532,0.004145937
0.28468767,0.8413488,0.12382532,0.004145937
0.28441128,0.8416252,0.12382532,0.004145937
0.2841349,0.8419016,0.12382532,0.004145937
0.28385848,0.8430072,0.122719735,0.004145937
0.2835821,0.8430072,0.122719735,0.004145937
0.2833057,0.8432836,0.12244334,0.004145937
0.2830293,0.84356,0.12216695,0.004145937
0.2827529,0.84356,0.12216695,0.004145937
0.2824765,0.84383637,0.12216695,0.004145937
0.2822001,0.84411275,0.121890545,0.004145937
0.2819237,0.84438914,0.12161415,0.004145937
0.28164732,0.84438914,0.12161415,0.004145937
0.28137094,0.84438914,0.12161415,0.004145937
0.28109452,0.8446656,0.12161415,0.004145937
0.28081813,0.844942,0.12133776,0.004145937
0.28054175,0.84521836,0.12106136,0.004145937
0.28026533,0.84549475,0.12078496,0.004145937
0.27998894,0.84549475,0.12078496,0.004145937
0.27971256,0.84577113,0.12050857,0.004145937
0.27943614,0.84577113,0.12050857,0.004145937
0.27915975,0.84577113,0.12050857,0.004145937
0.27888337,0.8460475,0.12023217,0.004145937
0.27860695,0.8460475,0.12023217,0.004145937
0.27833056,0.8463239,0.11995578,0.004145937
0.27805418,0.8463239,0.11995578,0.004145937
0.2777778,0.8463239,0.11995578,0.004145937
0.27750137,0.8471531,0.118297406,0.004145937
0.277225,0.8474295,0.118021004,0.004145937
0.2769486,0.8477059,0.11774461,0.004145937
0.27667218,0.8479823,0.117468216,0.004145937
0.2763958,0.8479823,0.117468216,0.004145937
0.2761194,0.8479823,0.117468216,0.004145937
0.275843,0.8479823,0.117468216,0.004145937
0.2755666,0.84825873,0.117468216,0.004145937
0.27529022,0.8485351,0.117468216,0.004145937
0.27501383,0.8490879,0.117468216,0.004145937
0.27473742,0.8490879,0.117468216,0.004145937
0.27446103,0.8493643,0.11719182,0.004145937
0.27418464,0.84964067,0.11691542,0.004145937
0.27390823,0.8501935,0.11691542,0.004145937
0.27363184,0.8501935,0.11691542,0.004145937
0.27335545,0.8501935,0.11691542,0.004145937
0.27307904,0.8507463,0.11636263,0.004145937
0.27280265,0.85102266,0.11608624,0.004145937
0.27252626,0.85102266,0.11608624,0.004145937
0.27224985,0.85129905,0.11580984,0.004145937
0.27197346,0.85129905,0.11580984,0.004145937
0.27169707,0.85157543,0.11553344,0.004145937
0.2714207,0.8518519,0.11553344,0.004145937
0.27114427,0.85212827,0.11525705,0.004145937
0.27086788,0.85240465,0.11498065,0.004145937
0.2705915,0.85240465,0.11498065,0.004145937
0.27031508,0.85240465,0.11498065,0.004145937
0.2700387,0.85268104,0.11470426,0.004145937
0.2697623,0.8529574,0.11442786,0.004145937
0.2694859,0.8535102,0.11387507,0.004145937
0.2692095,0.85378665,0.113598675,0.004145937
0.26893312,0.85406303,0.113598675,0.004145937
0.26865673,0.85544497,0.112216696,0.004145937
0.2683803,0.85544497,0.112216696,0.004145937
0.26810393,0.8557214,0.112216696,0.004145937
0.26782754,0.8557214,0.112216696,0.004145937
0.26755112,0.8559978,0.1119403,0.004145937
0.26727474,0.8559978,0.1119403,0.004145937
0.26699835,0.8562742,0.1116639,0.004145937
0.26672193,0.8562742,0.1116639,0.004145937
0.26644555,0.8562742,0.1116639,0.004145937
0.26616916,0.8565506,0.111387506,0.004145937
0.26589274,0.85682696,0.11111111,0.004145937
0.26561636,0.85710335,0.11083472,0.004145937
0.26533997,0.8576562,0.11083472,0.004145937
0.26506358,0.85793257,0.110558316,0.004145937
0.26478717,0.85820895,0.11028192,0.004145937
0.26451078,0.8590381,0.10917634,0.004145937
0.2642344,0.85931456,0.10917634,0.004145937
0.26395798,0.8606965,0.10779436,0.004145937
0.2636816,0.8606965,0.10779436,0.004145937
0.2634052,0.8612493,0.10724157,0.004145937
0.2631288,0.8615257,0.10696518,0.004145937
0.2628524,0.8618021,0.106688775,0.004145937
0.262576,0.8620785,0.10641238,0.004145937
0.26229963,0.8620785,0.10641238,0.004145937
0.2620232,0.8623549,0.10613599,0.004145937
0.26174682,0.8629077,0.1055832,0.004145937
0.26147044,0.8629077,0.1055832,0.004145937
0.26119402,0.8629077,0.1055832,0.004145937
0.26091763,0.8631841,0.1053068,0.004145937
0.26064125,0.8634605,0.1053068,0.004145937
0.26036483,0.86373687,0.1050304,0.004145937
0.26008844,0.86428964,0.104477614,0.004145937
0.25981206,0.8645661,0.104477614,0.004145937
0.25953564,0.8645661,0.104477614,0.004145937
0.25925925,0.8648425,0.10420121,0.004145937
0.25898287,0.86511886,0.10392482,0.004145937
0.25870648,0.86511886,0.10392482,0.004145937
0.25843006,0.86539525,0.10392482,0.004145937
0.25815368,0.86539525,0.10392482,0.004145937
0.2578773,0.86539525,0.10392482,0.004145937
0.25760087,0.86567163,0.10392482,0.004145937
0.2573245,0.865948,0.10392482,0.004145937
0.2570481,0.8662244,0.103648424,0.004145937
0.25677168,0.8662244,0.103648424,0.004145937
0.2564953,0.8662244,0.103648424,0.004145937
0.2562189,0.86650085,0.103648424,0.004145937
0.25594252,0.86677724,0.103648424,0.004145937
0.2556661,0.8670536,0.10337203,0.004145937
0.25538972,0.8676064,0.102819234,0.004145937
0.25511333,0.8678828,0.10254284,0.004145937
0.25483692,0.8678828,0.10254284,0.004145937
0.25456053,0.8681592,0.102266446,0.004145937
0.25428414,0.8681592,0.102266446,0.004145937
0.25400773,0.8684356,0.10199005,0.004145937
0.25373134,0.8692648,0.10060807,0.004145937
0.25345495,0.86954117,0.10033167,0.004145937
0.25317854,0.86981755,0.10033167,0.004145937
0.25290215,0.86981755,0.10033167,0.004145937
0.25262576,0.870094,0.10005528,0.004145937
0.25234938,0.8703704,0.09977888,0.004145937
0.25207296,0.8706468,0.09950249,0.004145937
0.25179657,0.87092316,0.099226095,0.004145937
0.2515202,0.87119955,0.099226095,0.004145937
0.25124377,0.87147593,0.099226095,0.004145937
0.25096738,0.8717523,0.09894969,0.004145937
0.250691,0.87202877,0.0986733,0.004145937
0.25041458,0.87202877,0.0986733,0.004145937
0.2501382,0.87202877,0.0986733,0.004145937
0.2498618,0.87202877,0.0986733,0.004145937
0.2495854,0.87202877,0.0986733,0.004145937
0.249309,0.87202877,0.0986733,0.004145937
0.24903262,0.87230515,0.098396905,0.004145937
0.24875621,0.87258154,0.09812051,0.004145937
0.24847983,0.8731343,0.097567715,0.004145937
0.24820343,0.8731343,0.097567715,0.004145937
0.24792702,0.8731343,0.097567715,0.004145937
0.24765064,0.8734107,0.097567715,0.004145937
0.24737424,0.8734107,0.097567715,0.004145937
0.24709785,0.8734107,0.097567715,0.004145937
0.24682145,0.8734107,0.097567715,0.004145937
0.24654505,0.8734107,0.097567715,0.004145937
0.24626866,0.8734107,0.097567715,0.004145937
0.24599226,0.87368715,0.09729132,0.004145937
0.24571587,0.87396353,0.09701493,0.004145937
0.24543947,0.8742399,0.09701493,0.004145937
0.24516307,0.8742399,0.09701493,0.004145937
0.24488668,0.8742399,0.09701493,0.004145937
0.24461028,0.8745163,0.09673853,0.004145937
0.2443339,0.8747927,0.09673853,0.004145937
0.24405749,0.87534547,0.09618574,0.004145937
0.24378109,0.8764511,0.09618574,0.004145937
0.2435047,0.87672746,0.09590934,0.004145937
0.2432283,0.87700385,0.09563295,0.004145937
0.2429519,0.8772803,0.095356554,0.004145937
0.24267551,0.8775567,0.09508015,0.004145937
0.24239911,0.8775567,0.09508015,0.004145937
0.24212272,0.8775567,0.09508015,0.004145937
0.24184632,0.8775567,0.09508015,0.004145937
0.24156992,0.8775567,0.09508015,0.004145937
0.24129353,0.8786622,0.09397457,0.004145937
0.24101713,0.8786622,0.09397457,0.004145937
0.24074075,0.8786622,0.09397457,0.004145937
0.24046434,0.8789386,0.09397457,0.004145937
0.24018794,0.8789386,0.09397457,0.004145937
0.23991156,0.87921506,0.093698174,0.004145937
0.23963515,0.87976784,0.093698174,0.004145937
0.23935877,0.87976784,0.093698174,0.004145937
0.23908237,0.8800442,0.093698174,0.0038695412
0.23880596,0.8803206,0.093698174,0.0038695412
0.23852958,0.8803206,0.093698174,0.0038695412
0.23825318,0.8803206,0.093698174,0.0038695412
0.23797679,0.8803206,0.093698174,0.0038695412
0.23770039,0.8803206,0.093698174,0.0038695412
0.23742399,0.8803206,0.093698174,0.0038695412
0.2371476,0.8803206,0.093698174,0.0038695412
0.2368712,0.8803206,0.093698174,0.0038695412
0.23659481,0.8803206,0.093698174,0.0038695412
0.23631841,0.880597,0.09342178,0.0038695412
0.23604201,0.8808734,0.093145385,0.0038695412
0.23576562,0.8811498,0.09286899,0.0038695412
0.23548922,0.8811498,0.09286899,0.0038695412
0.23521282,0.8814262,0.09259259,0.0038695412
0.23493643,0.8817026,0.092316195,0.0038695412
0.23466003,0.881979,0.0920398,0.0038695412
0.23438364,0.881979,0.0920398,0.0038695412
0.23410724,0.881979,0.0920398,0.0038695412
0.23383084,0.8828082,0.09121061,0.0038695412
0.23355445,0.8830846,0.09121061,0.0038695412
0.23327805,0.8830846,0.09121061,0.0038695412
0.23300166,0.883361,0.09093422,0.0038695412
0.23272526,0.883361,0.09093422,0.0038695412
0.23244886,0.88363737,0.09065782,0.0038695412
0.23217247,0.88363737,0.09065782,0.0038695412
0.23189607,0.88391376,0.09038143,0.0038695412
0.23161969,0.88391376,0.09038143,0.0038695412
0.23134328,0.8844665,0.08982863,0.0038695412
0.23106688,0.8844665,0.08982863,0.0038695412
0.2307905,0.884743,0.08955224,0.0038695412
0.2305141,0.88529575,0.08899945,0.0038695412
0.23023771,0.88529575,0.08899945,0.0038695412
0.2299613,0.88557214,0.08899945,0.0038695412
0.2296849,0.8858485,0.08872305,0.0038695412
0.22940852,0.8861249,0.088446654,0.0038695412
0.22913212,0.8872305,0.087064676,0.0038695412
0.22885571,0.8872305,0.087064676,0.0038695412
0.22857933,0.8875069,0.08678828,0.0038695412
0.22830293,0.8875069,0.08678828,0.0038695412
0.22802654,0.8875069,0.08678828,0.0038695412
0.22775014,0.8875069,0.08678828,0.0038695412
0.22747374,0.8877833,0.08651189,0.0038695412
0.22719735,0.8880597,0.08651189,0.0038695412
0.22692095,0.8880597,0.08651189,0.0038695412
0.22664456,0.8880597,0.08651189,0.0038695412
0.22636816,0.8883361,0.08651189,0.0038695412
0.22609176,0.8886125,0.086235486,0.0038695412
0.22581537,0.8888889,0.08595909,0.0038695412
0.22553897,0.8888889,0.08595909,0.0038695412
0.22526258,0.8888889,0.08595909,0.0038695412
0.22498618,0.8891653,0.08595909,0.0035931454
0.22470978,0.88944167,0.0856827,0.0035931454
0.22443339,0.88944167,0.0856827,0.0035931454
0.22415699,0.88971806,0.0856827,0.0035931454
0.2238806,0.88999444,0.0854063,0.0035931454
0.2236042,0.88999444,0.0854063,0.0035931454
0.2233278,0.8902709,0.0854063,0.0035931454
0.22305141,0.8905473,0.08512991,0.0035931454
0.22277501,0.89082366,0.08485351,0.0035931454
0.22249861,0.89082366,0.08485351,0.0035931454
0.22222222,0.89082366,0.08485351,0.0035931454
0.22194582,0.89110005,0.08457711,0.0035931454
0.22166944,0.89137644,0.08457711,0.0035931454
0.22139303,0.8916528,0.08430072,0.0035931454
0.22111663,0.89192927,0.084024325,0.0035931454
0.22084025,0.89192927,0.084024325,0.0035931454
0.22056384,0.89192927,0.084024325,0.0035931454
0.22028746,0.8927584,0.083195135,0.0035931454
0.22001106,0.8930348,0.08291874,0.0035931454
0.21973465,0.8933112,0.08264235,0.0035931454
0.21945827,0.8935876,0.08264235,0.0035931454
0.21918187,0.89386404,0.082365945,0.0035931454
0.21890548,0.8941404,0.08208955,0.0035931454
0.21862908,0.8944168,0.08181316,0.0035931454
0.21835268,0.8946932,0.08153676,0.0035931454
0.21807629,0.8949696,0.08126037,0.0035931454
0.21779989,0.8949696,0.08126037,0.0035931454
0.2175235,0.8955224,0.08070757,0.0035931454
0.2172471,0.8957988,0.08043118,0.0035931454
0.2169707,0.8963516,0.07987838,0.0035931454
0.21669431,0.8963516,0.07987838,0.0035931454
0.21641791,0.89662796,0.07960199,0.0035931454
0.21614152,0.89662796,0.07960199,0.0035931454
0.21586512,0.89662796,0.07960199,0.0035931454
0.21558872,0.89662796,0.07960199,0.0035931454
0.21531233,0.89662796,0.07960199,0.0035931454
0.21503593,0.89662796,0.07960199,0.0035931454
0.21475953,0.89690435,0.07960199,0.0035931454
0.21448314,0.89690435,0.07960199,0.0035931454
0.21420674,0.89690435,0.07960199,0.0035931454
0.21393035,0.89690435,0.07960199,0.0035931454
0.21365395,0.8974572,0.0790492,0.0035931454
0.21337755,0.8974572,0.0790492,0.0035931454
0.21310116,0.8974572,0.0790492,0.0035931454
0.21282476,0.8974572,0.0790492,0.0035931454
0.21254838,0.89773357,0.0790492,0.0035931454
0.21227197,0.89800996,0.078772806,0.0035931454
0.21199557,0.89800996,0.078772806,0.0035931454
0.21171919,0.89828634,0.078772806,0.0035931454
0.21144278,0.89828634,0.078772806,0.0035931454
0.2111664,0.89828634,0.078772806,0.0035931454
0.21089,0.8985627,0.078496404,0.0035931454
0.2106136,0.8988391,0.078496404,0.0035931454
0.2103372,0.89911556,0.07822001,0.0035931454
0.2100608,0.8999447,0.07822001,0.002763958
0.20978442,0.8999447,0.07822001,0.002763958
0.20950802,0.9002211,0.077943616,0.002763958
0.20923162,0.9002211,0.077943616,0.002763958
0.20895523,0.9002211,0.077943616,0.002763958
0.20867883,0.9004975,0.07766722,0.002763958
0.20840243,0.9010503,0.07766722,0.002763958
0.20812604,0.9010503,0.07766722,0.002763958
0.20784964,0.9010503,0.07766722,0.002763958
0.20757325,0.9013267,0.07766722,0.002763958
0.20729685,0.9016031,0.07739083,0.002763958
0.20702045,0.9021559,0.07656164,0.002763958
0.20674406,0.90243226,0.07628524,0.002763958
0.20646766,0.90270865,0.07628524,0.002763958
0.20619127,0.9029851,0.07600884,0.002763958
0.20591487,0.9029851,0.07600884,0.002763958
0.20563847,0.9032615,0.07573245,0.002763958
0.20536208,0.90353787,0.07545605,0.002763958
0.20508568,0.90381426,0.07517966,0.002763958
0.2048093,0.90409064,0.07517966,0.002763958
0.20453289,0.90409064,0.07517966,0.002763958
0.20425649,0.9046435,0.07517966,0.002763958
0.2039801,0.90491986,0.07517966,0.002763958
0.2037037,0.90519625,0.074903265,0.002763958
0.20342731,0.90547264,0.07462686,0.002763958
0.20315091,0.90547264,0.07462686,0.002763958
0.20287451,0.90547264,0.07462686,0.002763958
0.20259812,0.90547264,0.07462686,0.002763958
0.20232172,0.905749,0.07435047,0.002763958
0.20204532,0.905749,0.07435047,0.002763958
0.20176893,0.9060254,0.074074075,0.002763958
0.20149253,0.9060254,0.074074075,0.002763958
0.20121615,0.9060254,0.074074075,0.002763958
0.20093974,0.9063018,0.07379768,0.002763958
0.20066334,0.90657824,0.07352128,0.002763958
0.20038696,0.9068546,0.073244885,0.002763958
0.20011055,0.907131,0.073244885,0.002763958
0.19983417,0.907131,0.073244885,0.002763958
0.19955777,0.907131,0.073244885,0.002763958
0.19928136,0.9076838,0.072692096,0.002763958
0.19900498,0.9079602,0.072692096,0.002763958
0.19872858,0.9082366,0.0724157,0.002763958
0.19845219,0.9082366,0.0724157,0.002763958
0.19817579,0.9082366,0.0724157,0.002763958
0.19789939,0.908513,0.0721393,0.002763958
0.197623,0.9087894,0.0721393,0.002763958
0.1973466,0.90934217,0.0721393,0.002763958
0.19707021,0.90934217,0.0721393,0.002763958
0.19679381,0.90934217,0.0721393,0.002763958
0.19651741,0.90934217,0.0721393,0.002763958
0.19624102,0.90961856,0.0721393,0.002763958
0.19596462,0.90961856,0.0721393,0.002763958
0.19568823,0.90961856,0.0721393,0.002763958
0.19541183,0.90989494,0.0721393,0.002763958
0.19513543,0.90989494,0.0721393,0.002763958
0.19485904,0.9101714,0.071862906,0.002763958
0.19458264,0.9104478,0.07158651,0.002763958
0.19430624,0.91072416,0.07158651,0.002763958
0.19402985,0.91072416,0.07158651,0.002763958
0.19375345,0.91072416,0.07158651,0.002763958
0.19347706,0.91127694,0.07103372,0.002763958
0.19320066,0.9115533,0.07075732,0.002763958
0.19292426,0.91182977,0.07075732,0.002763958
0.19264787,0.91182977,0.07075732,0.002763958
0.19237147,0.91182977,0.07075732,0.002763958
0.19209509,0.91210616,0.07048093,0.002763958
0.19181868,0.91265893,0.06992814,0.002763958
0.19154228,0.9129353,0.06965174,0.002763958
0.1912659,0.9129353,0.06965174,0.002763958
0.1909895,0.9132117,0.06965174,0.002763958
0.19071311,0.9132117,0.06965174,0.002763958
0.1904367,0.9132117,0.06965174,0.002763958
0.1901603,0.9132117,0.06965174,0.002763958
0.18988392,0.9134881,0.06937534,0.002763958
0.18960752,0.9134881,0.06937534,0.002763958
0.18933113,0.91376454,0.06937534,0.002763958
0.18905473,0.9145937,0.06854616,0.002763958
0.18877833,0.9148701,0.06826976,0.002763958
0.18850194,0.9148701,0.06826976,0.002763958
0.18822554,0.9148701,0.06826976,0.002763958
0.18794914,0.91514647,0.06826976,0.002763958
0.18767275,0.91514647,0.06826976,0.002763958
0.18739635,0.91542286,0.067993365,0.002763958
0.18711996,0.9156993,0.06771697,0.002763958
0.18684356,0.9162521,0.06716418,0.002763958
0.18656716,0.9162521,0.06716418,0.002763958
0.18629077,0.9173577,0.0660586,0.002763958
0.18601437,0.91763407,0.0660586,0.002763958
0.18573798,0.91791046,0.0657822,0.002763958
0.18546158,0.91818684,0.0655058,0.002763958
0.18518518,0.91818684,0.0655058,0.002763958
0.18490879,0.91846323,0.06522941,0.002763958
0.18463239,0.9187396,0.064953014,0.002763958
0.184356,0.919016,0.06467662,0.002763958
0.1840796,0.919016,0.06467662,0.002763958
0.1838032,0.919016,0.06467662,0.002763958
0.18352681,0.91929245,0.06440022,0.002763958
0.18325041,0.9201216,0.063294634,0.002763958
0.18297403,0.9201216,0.063294634,0.002763958
0.18269762,0.920398,0.06301824,0.002763958
0.18242122,0.920398,0.06301824,0.002763958
0.18214484,0.9206744,0.062741846,0.002763958
0.18186843,0.9206744,0.062741846,0.002763958
0.18159205,0.9206744,0.062741846,0.002763958
0.18131565,0.92095083,0.06246545,0.002763958
0.18103924,0.92095083,0.06246545,0.002763958
0.18076286,0.92095083,0.06246545,0.002763958
0.18048646,0.92095083,0.06246545,0.002763958
0.18021005,0.9212272,0.062189054,0.002763958
0.17993367,0.92178,0.05970149,0.002763958
0.17965727,0.92178,0.05970149,0.002763958
0.17938088,0.9220564,0.05970149,0.002763958
0.17910448,0.9220564,0.05970149,0.002763958
0.17882808,0.92260915,0.058872305,0.002763958
0.17855169,0.92260915,0.058872305,0.002763958
0.17827529,0.92260915,0.058872305,0.002763958
0.1779989,0.92260915,0.058872305,0.002763958
0.1777225,0.92260915,0.058872305,0.002763958
0.1774461,0.92260915,0.058872305,0.002763958
0.17716971,0.9228856,0.058872305,0.002763958
0.17689331,0.9228856,0.058872305,0.002763958
0.17661692,0.923162,0.05859591,0.002763958
0.17634052,0.9234384,0.05859591,0.002763958
0.17606412,0.92371476,0.05859591,0.002763958
0.17578773,0.92399114,0.05859591,0.002763958
0.17551133,0.92426753,0.058319513,0.002763958
0.17523494,0.92426753,0.058319513,0.002763958
0.17495854,0.9245439,0.058319513,0.002763958
0.17468214,0.9245439,0.058319513,0.002763958
0.17440575,0.9245439,0.058319513,0.002763958
0.17412935,0.9245439,0.058319513,0.002763958
0.17385295,0.92482036,0.05804312,0.002763958
0.17357656,0.92482036,0.05804312,0.002763958
0.17330016,0.92509675,0.05804312,0.002763958
0.17302378,0.9256495,0.057490326,0.002763958
0.17274737,0.9256495,0.057490326,0.002763958
0.17247097,0.9256495,0.057490326,0.002763958
0.17219459,0.9256495,0.057490326,0.002763958
0.17191818,0.9256495,0.057490326,0.002763958
0.1716418,0.9256495,0.057490326,0.002763958
0.1713654,0.9256495,0.057490326,0.002763958
0.171089,0.9262023,0.056937534,0.002763958
0.1708126,0.9262023,0.056937534,0.002763958
0.1705362,0.92647874,0.056937534,0.002763958
0.17025982,0.92675513,0.05666114,0.002763958
0.16998342,0.9273079,0.056108348,0.002763958
0.16970702,0.9273079,0.056108348,0.002763958
0.16943063,0.9273079,0.056108348,0.002763958
0.16915423,0.9275843,0.05583195,0.002763958
0.16887784,0.9278607,0.055555556,0.002763958
0.16860144,0.9278607,0.055555556,0.002763958
0.16832504,0.92813706,0.055279158,0.002763958
0.16804865,0.92813706,0.055279158,0.002763958
0.16777225,0.9284135,0.055002764,0.002763958
0.16749585,0.9284135,0.055002764,0.002763958
0.16721946,0.9284135,0.055002764,0.002763958
0.16694306,0.9286899,0.055002764,0.002763958
0.16666667,0.9289663,0.05472637,0.002763958
0.16639027,0.9292427,0.05444997,0.002763958
0.16611387,0.92951906,0.05444997,0.002763958
0.16583748,0.92951906,0.05444997,0.002763958
0.16556108,0.92951906,0.05444997,0.002763958
0.1652847,0.92951906,0.05444997,0.002763958
0.16500829,0.92951906,0.05444997,0.002763958
0.16473189,0.92979544,0.054173578,0.002763958
0.1644555,0.92979544,0.054173578,0.002763958
0.1641791,0.9300719,0.05389718,0.002763958
0.16390271,0.9303483,0.05389718,0.002763958
0.16362631,0.9303483,0.05389718,0.002763958
0.16334991,0.9303483,0.05389718,0.002763958
0.16307352,0.9303483,0.05389718,0.002763958
0.16279712,0.9303483,0.05389718,0.002763958
0.16252074,0.9303483,0.05389718,0.002763958
0.16224433,0.93062466,0.053620785,0.002763958
0.16196793,0.93062466,0.053620785,0.002763958
0.16169155,0.93062466,0.053620785,0.002763958
0.16141514,0.93062466,0.053620785,0.002763958
0.16113876,0.93090105,0.053344388,0.002763958
0.16086236,0.93117744,0.053067993,0.002763958
0.16058595,0.9314538,0.053067993,0.002763958
0.16030957,0.9317302,0.0527916,0.002763958
0.16003317,0.9317302,0.0527916,0.002763958
0.15975676,0.93200666,0.0527916,0.002763958
0.15948038,0.93200666,0.0527916,0.002763958
0.15920398,0.93228304,0.0527916,0.002763958
0.15892759,0.93255943,0.0525152,0.002763958
0.15865119,0.9328358,0.0525152,0.002763958
0.15837479,0.9328358,0.0525152,0.002763958
0.1580984,0.9328358,0.0525152,0.002763958
0.157822,0.9331122,0.0525152,0.002763958
0.15754561,0.9331122,0.0525152,0.002763958
0.15726921,0.93366504,0.05196241,0.002763958
0.15699281,0.93366504,0.05196241,0.002763958
0.15671642,0.9344942,0.05196241,0.002763958
0.15644002,0.9344942,0.05196241,0.002763958
0.15616363,0.9344942,0.05196241,0.002763958
0.15588723,0.9344942,0.05196241,0.002763958
0.15561083,0.9347706,0.051686015,0.002763958
0.15533444,0.9347706,0.051686015,0.002763958
0.15505804,0.9358762,0.051686015,0.0019347706
0.15478165,0.9361526,0.051686015,0.0019347706
0.15450525,0.93642896,0.051409617,0.0019347706
0.15422885,0.93670535,0.051133223,0.0019347706
0.15395246,0.9372581,0.05058043,0.0019347706
0.15367606,0.9372581,0.05058043,0.0019347706
0.15339966,0.9372581,0.05058043,0.0019347706
0.15312327,0.9372581,0.05058043,0.0019347706
0.15284687,0.9372581,0.05058043,0.0019347706
0.15257049,0.9372581,0.05058043,0.0019347706
0.15229408,0.9375346,0.05058043,0.0019347706
0.15201768,0.9375346,0.05058043,0.0019347706
0.1517413,0.93781096,0.050304037,0.0019347706
0.1514649,0.9397457,0.0395246,0.008844665
0.15118851,0.9400221,0.0395246,0.008844665
0.1509121,0.9400221,0.0395246,0.008844665
0.1506357,0.9402985,0.039248202,0.008844665
0.15035932,0.9402985,0.039248202,0.008844665
0.15008292,0.9402985,0.039248202,0.008844665
0.14980653,0.9402985,0.039248202,0.008844665
0.14953013,0.9419569,0.039248202,0.0069098948
0.14925373,0.9419569,0.039248202,0.0069098948
0.14897734,0.9419569,0.039248202,0.0069098948
0.14870094,0.9419569,0.039248202,0.0069098948
0.14842455,0.9419569,0.039248202,0.0069098948
0.14814815,0.9430625,0.03814262,0.0069098948
0.14787175,0.94361526,0.03814262,0.0069098948
0.14759536,0.94472086,0.037037037,0.0069098948
0.14731896,0.94527364,0.037037037,0.0069098948
0.14704256,0.94527364,0.037037037,0.0069098948
0.14676617,0.94555,0.037037037,0.006633499
0.14648977,0.94555,0.037037037,0.006633499
0.14621338,0.9458264,0.03676064,0.006633499
0.14593698,0.9458264,0.03676064,0.006633499
0.14566058,0.9458264,0.03676064,0.006633499
0.14538419,0.9458264,0.03676064,0.006633499
0.14510779,0.9461028,0.036484245,0.006633499
0.1448314,0.9461028,0.036484245,0.006633499
0.144555,0.9461028,0.036484245,0.006633499
0.1442786,0.9461028,0.036484245,0.006633499
0.14400221,0.94637924,0.03620785,0.006633499
0.14372581,0.94637924,0.03620785,0.006633499
0.14344943,0.94637924,0.03620785,0.006633499
0.14317302,0.94665563,0.035931453,0.006633499
0.14289662,0.94665563,0.035931453,0.006633499
0.14262024,0.946932,0.035931453,0.0063571036
0.14234383,0.946932,0.035931453,0.0063571036
0.14206745,0.946932,0.035931453,0.0063571036
0.14179105,0.946932,0.035931453,0.0063571036
0.14151464,0.9474848,0.03537866,0.0063571036
0.14123826,0.9474848,0.03537866,0.0063571036
0.14096186,0.9474848,0.03537866,0.0063571036
0.14068547,0.9474848,0.03537866,0.0063571036
0.14040907,0.9477612,0.035102267,0.0063571036
0.14013267,0.948314,0.035102267,0.0063571036
0.13985628,0.9485904,0.03482587,0.0063571036
0.13957988,0.9488668,0.034549475,0.0063571036
0.13930348,0.9491432,0.03427308,0.0063571036
0.13902709,0.94997233,0.033167496,0.0063571036
0.13875069,0.9502488,0.0328911,0.0063571036
0.1384743,0.95052516,0.0328911,0.0063571036
0.1381979,0.95107794,0.03233831,0.0063571036
0.1379215,0.95107794,0.03233831,0.0063571036
0.13764511,0.95107794,0.03233831,0.0063571036
0.13736871,0.95107794,0.03233831,0.0063571036
0.13709232,0.95107794,0.03233831,0.0063571036
0.13681592,0.95190716,0.03150912,0.0063571036
0.13653952,0.95190716,0.03150912,0.0063571036
0.13626313,0.95190716,0.03150912,0.0063571036
0.13598673,0.95190716,0.03150912,0.0063571036
0.13571034,0.9532891,0.030127142,0.0063571036
0.13543394,0.9532891,0.030127142,0.0063571036
0.13515754,0.9532891,0.030127142,0.0063571036
0.13488115,0.9535655,0.029850746,0.0063571036
0.13460475,0.9535655,0.029850746,0.0063571036
0.13432837,0.9535655,0.029850746,0.0063571036
0.13405196,0.9535655,0.029850746,0.0063571036
0.13377556,0.9546711,0.028468767,0.0063571036
0.13349918,0.9549475,0.028192371,0.0063571036
0.13322277,0.9549475,0.028192371,0.0063571036
0.13294637,0.9549475,0.028192371,0.0063571036
0.13266999,0.9557767,0.027363185,0.0063571036
0.13239358,0.9557767,0.027363185,0.0063571036
0.1321172,0.9560531,0.027363185,0.0063571036
0.1318408,0.9560531,0.027363185,0.0063571036
0.1315644,0.95632946,0.027086789,0.0063571036
0.131288,0.95660585,0.026810393,0.0063571036
0.1310116,0.95688224,0.026533997,0.0063571036
0.13073522,0.95688224,0.026533997,0.0063571036
0.13045882,0.95688224,0.026533997,0.0063571036
0.13018242,0.9571586,0.026533997,0.0063571036
0.12990603,0.9574351,0.0262576,0.0063571036
0.12962963,0.9574351,0.0262576,0.0063571036
0.12935324,0.9585406,0.025152018,0.0063571036
0.12907684,0.9585406,0.025152018,0.0063571036
0.12880044,0.9585406,0.025152018,0.0063571036
0.12852405,0.95909345,0.025152018,0.0063571036
0.12824765,0.95909345,0.025152018,0.0063571036
0.12797126,0.95936984,0.024875622,0.0063571036
0.12769486,0.95936984,0.024875622,0.0063571036
0.12741846,0.9596462,0.024599226,0.0063571036
0.12714207,0.9596462,0.024599226,0.0063571036
0.12686567,0.9599226,0.02432283,0.0063571036
0.12658927,0.960199,0.02432283,0.0063571036
0.12631288,0.9604754,0.02432283,0.0063571036
0.12603648,0.9607518,0.024046434,0.0063571036
0.1257601,0.9610282,0.024046434,0.0063571036
0.12548369,0.9613046,0.024046434,0.0063571036
0.12520729,0.9618574,0.023493642,0.0063571036
0.1249309,0.9618574,0.023493642,0.0063571036
0.1246545,0.9618574,0.023493642,0.0063571036
0.12437811,0.96213377,0.023493642,0.0063571036
0.12410171,0.96213377,0.023493642,0.0063571036
0.12382532,0.96213377,0.023493642,0.0063571036
0.123548925,0.96213377,0.023493642,0.0063571036
0.12327252,0.96213377,0.023493642,0.0063571036
0.12299613,0.96213377,0.023493642,0.0063571036
0.122719735,0.96241015,0.023217248,0.0063571036
0.12244334,0.962963,0.022664456,0.0063571036
0.12216695,0.9632394,0.02238806,0.0063571036
0.121890545,0.9632394,0.02238806,0.0063571036
0.12161415,0.96351576,0.02238806,0.0063571036
0.12133776,0.96351576,0.02238806,0.0063571036
0.12106136,0.9643449,0.02045329,0.0063571036
0.12078496,0.96462137,0.02045329,0.0060807075
0.12050857,0.96489775,0.020176893,0.0060807075
0.12023217,0.96489775,0.020176893,0.0060807075
0.11995578,0.96489775,0.020176893,0.0060807075
0.119679384,0.9654505,0.019624101,0.0060807075
0.11940298,0.9657269,0.019624101,0.0060807075
0.11912659,0.9657269,0.019624101,0.0060807075
0.118850194,0.9657269,0.019624101,0.0060807075
0.1185738,0.9660033,0.019624101,0.005804312
0.118297406,0.9660033,0.019624101,0.005804312
0.118021004,0.9662797,0.019347707,0.005804312
0.11774461,0.9662797,0.019347707,0.005804312
0.117468216,0.96655613,0.01907131,0.005804312
0.11719182,0.96655613,0.01907131,0.005804312
0.11691542,0.96655613,0.01907131,0.005804312
0.116639026,0.96655613,0.01907131,0.005804312
0.11636263,0.96655613,0.01907131,0.005804312
0.11608624,0.9668325,0.01907131,0.005804312
0.11580984,0.9676617,0.018242123,0.005804312
0.11553344,0.9687673,0.01713654,0.005804312
0.11525705,0.9690437,0.016860144,0.005804312
0.11498065,0.9690437,0.016860144,0.005804312
0.11470426,0.9690437,0.016860144,0.005804312
0.11442786,0.9690437,0.016860144,0.005804312
0.11415146,0.9690437,0.016860144,0.005804312
0.11387507,0.9690437,0.016860144,0.005804312
0.113598675,0.9690437,0.016860144,0.005804312
0.11332228,0.9690437,0.016860144,0.005804312
0.11304588,0.9690437,0.016860144,0.005804312
0.112769485,0.96959645,0.01575456,0.005804312
0.11249309,0.96959645,0.01575456,0.005804312
0.112216696,0.96959645,0.01575456,0.005804312
0.1119403,0.96959645,0.01575456,0.005804312
0.1116639,0.96959645,0.01575456,0.005804312
0.111387506,0.96959645,0.01575456,0.005804312
0.11111111,0.96959645,0.01575456,0.005804312
0.11083472,0.97097844,0.014372582,0.005804312
0.110558316,0.97097844,0.014372582,0.005804312
0.11028192,0.97097844,0.014372582,0.005804312
0.11000553,0.9718076,0.014372582,0.0049751243
0.10972913,0.9718076,0.014372582,0.0049751243
0.10945274,0.9718076,0.014372582,0.0049751243
0.10917634,0.9718076,0.014372582,0.0049751243
0.10889994,0.9718076,0.014372582,0.0049751243
0.10862355,0.9718076,0.014372582,0.0049751243
0.108347155,0.9718076,0.014372582,0.0049751243
0.10807076,0.97208405,0.014372582,0.0049751243
0.10779436,0.97208405,0.014372582,0.0049751243
0.107517965,0.97236043,0.014096186,0.0049751243
0.10724157,0.97236043,0.014096186,0.0049751243
0.10696518,0.97236043,0.014096186,0.0049751243
0.106688775,0.97236043,0.014096186,0.0049751243
0.10641238,0.97236043,0.014096186,0.0049751243
0.10613599,0.97236043,0.014096186,0.0049751243
0.10585959,0.97236043,0.014096186,0.0049751243
0.1055832,0.97236043,0.014096186,0.0049751243
0.1053068,0.97236043,0.014096186,0.0049751243
0.1050304,0.9726368,0.014096186,0.0049751243
0.10475401,0.9726368,0.014096186,0.0049751243
0.104477614,0.9729132,0.014096186,0.0049751243
0.10420121,0.9729132,0.014096186,0.0049751243
0.10392482,0.9729132,0.014096186,0.0049751243
0.103648424,0.9729132,0.014096186,0.0049751243
0.10337203,0.9729132,0.014096186,0.0049751243
0.103095636,0.9731896,0.014096186,0.0049751243
0.102819234,0.9731896,0.014096186,0.0049751243
0.10254284,0.9731896,0.014096186,0.0049751243
0.102266446,0.9731896,0.014096186,0.0049751243
0.10199005,0.9737424,0.013543394,0.0049751243
0.10171366,0.9737424,0.013543394,0.0049751243
0.101437256,0.9737424,0.013543394,0.0049751243
0.10116086,0.9737424,0.013543394,0.0049751243
0.10088447,0.9740188,0.013543394,0.0049751243
0.10060807,0.9742952,0.013543394,0.0049751243
0.10033167,0.9745716,0.013266998,0.0049751243
0.10005528,0.9745716,0.013266998,0.0049751243
0.09977888,0.9745716,0.013266998,0.0049751243
0.09950249,0.9745716,0.013266998,0.0049751243
0.099226095,0.9745716,0.013266998,0.0049751243
0.09894969,0.9745716,0.013266998,0.0049751243
0.0986733,0.9745716,0.013266998,0.0049751243
0.098396905,0.9745716,0.013266998,0.0049751243
0.09812051,0.9745716,0.013266998,0.0049751243
0.09784412,0.9745716,0.013266998,0.0049751243
0.097567715,0.974848,0.012990602,0.0049751243
0.09729132,0.974848,0.012990602,0.0049751243
0.09701493,0.974848,0.012990602,0.0049751243
0.09673853,0.97540075,0.012990602,0.0049751243
0.09646213,0.97540075,0.012990602,0.0049751243
0.09618574,0.9756772,0.012990602,0.0049751243
0.09590934,0.9759536,0.012714207,0.0049751243
0.09563295,0.97622997,0.012437811,0.0049751243
0.095356554,0.97622997,0.012437811,0.0049751243
0.09508015,0.97622997,0.012437811,0.0049751243
0.09480376,0.97622997,0.012437811,0.0049751243
0.094527364,0.97622997,0.012437811,0.0049751243
0.09425097,0.97622997,0.012437811,0.0049751243
0.09397457,0.97650635,0.012161415,0.0049751243
0.093698174,0.97650635,0.012161415,0.0049751243
0.09342178,0.97678274,0.012161415,0.0049751243
0.093145385,0.97678274,0.012161415,0.0049751243
0.09286899,0.97678274,0.012161415,0.0049751243
0.09259259,0.9770591,0.011885019,0.0049751243
0.092316195,0.9770591,0.011885019,0.0049751243
0.0920398,0.9773356,0.011885019,0.0049751243
0.09176341,0.97761196,0.011885019,0.0049751243
0.09148701,0.97761196,0.011885019,0.0049751243
0.09121061,0.97788835,0.011885019,0.0049751243
0.09093422,0.9784411,0.011885019,0.0038695412
0.09065782,0.9784411,0.011885019,0.0038695412
0.09038143,0.9787175,0.011885019,0.0038695412
0.09010503,0.9787175,0.011885019,0.0038695412
0.08982863,0.9787175,0.011885019,0.0038695412
0.08955224,0.9789939,0.011885019,0.0038695412
0.089275844,0.97927034,0.011608624,0.0038695412
0.08899945,0.97927034,0.011608624,0.0038695412
0.08872305,0.97927034,0.011608624,0.0038695412
0.088446654,0.9795467,0.011332228,0.0038695412
0.08817026,0.9795467,0.011332228,0.0038695412
0.087893866,0.9795467,0.011332228,0.0038695412
0.08761747,0.9795467,0.011332228,0.0038695412
0.08734107,0.9795467,0.011332228,0.0038695412
0.087064676,0.9795467,0.011332228,0.0038695412
0.08678828,0.9803759,0.010503041,0.0038695412
0.08651189,0.9806523,0.010503041,0.0038695412
0.086235486,0.9806523,0.010503041,0.0038695412
0.08595909,0.9806523,0.010503041,0.0038695412
0.0856827,0.9806523,0.010503041,0.0038695412
0.0854063,0.9806523,0.010503041,0.0038695412
0.08512991,0.9806523,0.010503041,0.0038695412
0.08485351,0.9814815,0.009673853,0.0038695412
0.08457711,0.9814815,0.009673853,0.0038695412
0.08430072,0.98203427,0.009121061,0.0038695412
0.084024325,0.98203427,0.009121061,0.0038695412
0.08374792,0.9831399,0.009121061,0.002763958
0.08347153,0.9831399,0.009121061,0.002763958
0.083195135,0.9831399,0.009121061,0.002763958
0.08291874,0.9831399,0.009121061,0.002763958
0.08264235,0.9831399,0.009121061,0.002763958
0.082365945,0.9831399,0.009121061,0.002763958
0.08208955,0.9831399,0.009121061,0.002763958
0.08181316,0.9831399,0.009121061,0.002763958
0.08153676,0.9831399,0.009121061,0.002763958
0.08126037,0.98341626,0.009121061,0.002763958
0.08098397,0.98341626,0.009121061,0.002763958
0.08070757,0.98341626,0.009121061,0.002763958
0.08043118,0.98341626,0.009121061,0.002763958
0.080154784,0.98369265,0.008844665,0.002763958
0.07987838,0.98369265,0.008844665,0.002763958
0.07960199,0.98369265,0.008844665,0.002763958
0.079325594,0.98369265,0.008844665,0.002763958
0.0790492,0.98369265,0.008844665,0.002763958
0.078772806,0.98369265,0.008844665,0.002763958
0.078496404,0.98396903,0.008844665,0.002763958
0.07822001,0.98396903,0.008844665,0.002763958
0.077943616,0.9842454,0.008844665,0.002763958
0.07766722,0.9842454,0.008844665,0.002763958
0.07739083,0.9842454,0.008844665,0.002763958
0.077114426,0.9842454,0.008844665,0.002763958
0.07683803,0.9842454,0.008844665,0.002763958
0.07656164,0.9842454,0.008844665,0.002763958
0.07628524,0.9842454,0.008844665,0.002763958
0.07600884,0.9842454,0.008844665,0.002763958
0.07573245,0.9842454,0.008844665,0.002763958
0.07545605,0.9842454,0.008844665,0.002763958
0.07517966,0.9845218,0.00856827,0.002763958
0.074903265,0.98479825,0.008291874,0.002763958
0.07462686,0.98479825,0.008291874,0.002763958
0.07435047,0.98507464,0.008291874,0.002763958
0.074074075,0.98507464,0.008291874,0.002763958
0.07379768,0.985351,0.008291874,0.002763958
0.07352128,0.985351,0.008291874,0.002763958
0.073244885,0.985351,0.008291874,0.002763958
0.07296849,0.985351,0.008291874,0.002763958
0.072692096,0.985351,0.008291874,0.002763958
0.0724157,0.9856274,0.008015478,0.002763958
0.0721393,0.9856274,0.008015478,0.002763958
0.071862906,0.9859038,0.008015478,0.002763958
0.07158651,0.9859038,0.008015478,0.002763958
0.07131012,0.9859038,0.008015478,0.002763958
0.07103372,0.9859038,0.008015478,0.002763958
0.07075732,0.9859038,0.008015478,0.002763958
0.07048093,0.9859038,0.008015478,0.002763958
0.07020453,0.9859038,0.008015478,0.002763958
0.06992814,0.9861802,0.008015478,0.002763958
0.06965174,0.98645663,0.0077390824,0.002763958
0.06937534,0.98645663,0.0077390824,0.002763958
0.06909895,0.98645663,0.0077390824,0.002763958
0.068822555,0.986733,0.0074626864,0.002763958
0.06854616,0.986733,0.0074626864,0.002763958
0.06826976,0.986733,0.0074626864,0.002763958
0.067993365,0.98811495,0.0074626864,0.001381979
0.06771697,0.98811495,0.0074626864,0.001381979
0.06744058,0.98811495,0.0074626864,0.001381979
0.06716418,0.98811495,0.0074626864,0.001381979
0.06688778,0.98811495,0.0074626864,0.001381979
0.06661139,0.98811495,0.0074626864,0.001381979
0.06633499,0.98811495,0.0074626864,0.001381979
0.0660586,0.9883914,0.0074626864,0.001381979
0.0657822,0.9883914,0.0074626864,0.001381979
0.0655058,0.9883914,0.0074626864,0.001381979
0.06522941,0.9886678,0.0074626864,0.001381979
0.064953014,0.9886678,0.0074626864,0.001381979
0.06467662,0.9886678,0.0074626864,0.001381979
0.06440022,0.9886678,0.0074626864,0.001381979
0.064123824,0.9886678,0.0074626864,0.001381979
0.06384743,0.9889442,0.007186291,0.001381979
0.063571036,0.98922056,0.0069098948,0.001381979
0.063294634,0.98922056,0.0069098948,0.001381979
0.06301824,0.98922056,0.0069098948,0.001381979
0.062741846,0.98922056,0.0069098948,0.001381979
0.06246545,0.98922056,0.0069098948,0.001381979
0.062189054,0.98922056,0.0069098948,0.001381979
0.06191266,0.98922056,0.0069098948,0.001381979
0.06163626,0.9900498,0.0069098948,0.001381979
0.061359867,0.9900498,0.0069098948,0.001381979
0.061083473,0.9900498,0.0069098948,0.001381979
0.060807075,0.9900498,0.0069098948,0.001381979
0.06053068,0.9900498,0.0069098948,0.001381979
0.060254283,0.9900498,0.0069098948,0.001381979
0.05997789,0.9900498,0.0069098948,0.001381979
0.05970149,0.9900498,0.0069098948,0.001381979
0.059425097,0.9900498,0.0069098948,0.001381979
0.059148703,0.9900498,0.0069098948,0.001381979
0.058872305,0.9900498,0.0069098948,0.001381979
0.05859591,0.9900498,0.0069098948,0.001381979
0.058319513,0.9900498,0.0069098948,0.001381979
0.05804312,0.9900498,0.0069098948,0.001381979
0.05776672,0.9900498,0.0069098948,0.001381979
0.057490326,0.9900498,0.0069098948,0.001381979
0.05721393,0.9900498,0.0069098948,0.001381979
0.056937534,0.9900498,0.0069098948,0.001381979
0.05666114,0.99032617,0.0069098948,0.001381979
0.056384742,0.99032617,0.0069098948,0.001381979
0.056108348,0.99032617,0.0069098948,0.001381979
0.05583195,0.99032617,0.0069098948,0.001381979
0.055555556,0.99060255,0.0069098948,0.001381979
0.055279158,0.99060255,0.0069098948,0.001381979
0.055002764,0.99060255,0.0069098948,0.001381979
0.05472637,0.99087894,0.0069098948,0.001381979
0.05444997,0.99087894,0.0069098948,0.001381979
0.054173578,0.99087894,0.0069098948,0.001381979
0.05389718,0.99087894,0.0069098948,0.001381979
0.053620785,0.9911553,0.006633499,0.001381979
0.053344388,0.9914317,0.006633499,0.0011055832
0.053067993,0.9914317,0.006633499,0.0011055832
0.0527916,0.9914317,0.006633499,0.0011055832
0.0525152,0.9914317,0.006633499,0.0011055832
0.052238807,0.9917081,0.006633499,0.0011055832
0.05196241,0.9917081,0.006633499,0.0011055832
0.051686015,0.9917081,0.006633499,0.0011055832
0.051409617,0.9917081,0.006633499,0.0011055832
0.051133223,0.9933665,0.0044223326,0.0011055832
0.05085683,0.9933665,0.0044223326,0.0011055832
0.05058043,0.9933665,0.0044223326,0.0011055832
0.050304037,0.9933665,0.0044223326,0.0011055832
0.05002764,0.9933665,0.0044223326,0.0011055832
0.049751244,0.9933665,0.0044223326,0.0011055832
0.049474847,0.9933665,0.0044223326,0.0011055832
0.049198452,0.9933665,0.0044223326,0.0011055832
0.04892206,0.9933665,0.0044223326,0.0011055832
0.04864566,0.9936429,0.004145937,0.0011055832
0.048369266,0.9936429,0.004145937,0.0011055832
0.04809287,0.9936429,0.004145937,0.0011055832
0.047816474,0.9936429,0.004145937,0.0011055832
0.047540076,0.9936429,0.004145937,0.0011055832
0.047263682,0.9936429,0.004145937,0.0011055832
0.046987284,0.9936429,0.004145937,0.0011055832
0.04671089,0.9939193,0.0038695412,0.0011055832
0.046434496,0.9939193,0.0038695412,0.0011055832
0.046158098,0.9939193,0.0038695412,0.0011055832
0.045881703,0.9939193,0.0038695412,0.0011055832
0.045605306,0.9939193,0.0038695412,0.0011055832
0.04532891,0.9939193,0.0038695412,0.0011055832
0.045052513,0.9939193,0.0038695412,0.0011055832
0.04477612,0.9941957,0.0038695412,0.0011055832
0.044499725,0.9941957,0.0038695412,0.0011055832
0.044223327,0.9941957,0.0038695412,0.0011055832
0.043946933,0.9941957,0.0038695412,0.0011055832
0.043670535,0.9941957,0.0038695412,0.0011055832
0.04339414,0.9941957,0.0038695412,0.0011055832
0.043117743,0.9944721,0.0035931454,0.0011055832
0.04284135,0.9944721,0.0035931454,0.0011055832
0.042564955,0.9944721,0.0035931454,0.0011055832
0.042288557,0.9944721,0.0035931454,0.0011055832
0.042012163,0.99502486,0.0030403538,0.0011055832
0.041735765,0.99502486,0.0030403538,0.0011055832
0.04145937,0.99502486,0.0030403538,0.0011055832
0.041182972,0.99502486,0.0030403538,0.0011055832
0.04090658,0.99502486,0.0030403538,0.0011055832
0.040630184,0.99502486,0.0030403538,0.0011055832
0.040353786,0.99502486,0.0030403538,0.0011055832
0.040077392,0.99502486,0.0030403538,0.0011055832
0.039800994,0.99502486,0.0030403538,0.0011055832
0.0395246,0.99502486,0.0030403538,0.0011055832
0.039248202,0.99502486,0.0030403538,0.0011055832
0.038971808,0.99502486,0.0030403538,0.0011055832
0.038695414,0.99502486,0.0030403538,0.0011055832
0.038419016,0.99502486,0.0030403538,0.0011055832
0.03814262,0.99502486,0.0030403538,0.0011055832
0.037866224,0.9958541,0.0019347706,0.0011055832
0.03758983,0.9958541,0.0019347706,0.0011055832
0.03731343,0.9958541,0.0019347706,0.0011055832
0.037037037,0.9958541,0.0019347706,0.0011055832
0.03676064,0.9958541,0.0019347706,0.0011055832
0.036484245,0.9958541,0.0019347706,0.0011055832
0.03620785,0.99613047,0.0019347706,0.0011055832
0.035931453,0.99613047,0.0019347706,0.0011055832
0.03565506,0.99668324,0.0019347706,0.0011055832
0.03537866,0.99668324,0.0019347706,0.0011055832
0.035102267,0.99668324,0.0019347706,0.0011055832
0.03482587,0.99668324,0.0019347706,0.0011055832
0.034549475,0.99668324,0.0019347706,0.0011055832
0.03427308,0.99668324,0.0019347706,0.0011055832
0.033996683,0.99668324,0.0019347706,0.0011055832
0.03372029,0.99668324,0.0019347706,0.0011055832
0.03344389,0.99668324,0.0019347706,0.0011055832
0.033167496,0.9969596,0.0019347706,8.291874E-4
0.0328911,0.9969596,0.0019347706,8.291874E-4
0.032614704,0.9969596,0.0019347706,8.291874E-4
0.03233831,0.9969596,0.0019347706,8.291874E-4
0.032061912,0.9969596,0.0019347706,8.291874E-4
0.031785518,0.9969596,0.0019347706,8.291874E-4
0.03150912,0.9969596,0.0019347706,8.291874E-4
0.031232726,0.9969596,0.0019347706,8.291874E-4
0.03095633,0.9969596,0.0019347706,8.291874E-4
0.030679934,0.9969596,0.0019347706,8.291874E-4
0.030403538,0.9969596,0.0019347706,8.291874E-4
0.030127142,0.9969596,0.0019347706,8.291874E-4
0.029850746,0.997236,0.0019347706,8.291874E-4
0.029574351,0.99751246,0.0019347706,8.291874E-4
0.029297955,0.99806523,0.0019347706,5.527916E-4
0.02902156,0.99806523,0.0019347706,5.527916E-4
0.028745163,0.99806523,0.0019347706,5.527916E-4
0.028468767,0.99806523,0.0019347706,5.527916E-4
0.028192371,0.99806523,0.0019347706,5.527916E-4
0.027915975,0.99806523,0.0019347706,5.527916E-4
0.027639579,0.99806523,0.0019347706,5.527916E-4
0.027363185,0.99806523,0.0019347706,5.527916E-4
0.027086789,0.99806523,0.0019347706,5.527916E-4
0.026810393,0.99806523,0.0019347706,5.527916E-4
0.026533997,0.99806523,0.0019347706,5.527916E-4
0.0262576,0.99806523,0.0019347706,5.527916E-4
0.025981205,0.9988944,0.0011055832,5.527916E-4
0.025704809,0.9988944,0.0011055832,5.527916E-4
0.025428414,0.9988944,0.0011055832,5.527916E-4
0.025152018,0.9988944,0.0011055832,5.527916E-4
0.024875622,0.9988944,0.0011055832,5.527916E-4
0.024599226,0.9988944,0.0011055832,5.527916E-4
0.02432283,0.9988944,0.0011055832,5.527916E-4
0.024046434,0.9988944,0.0011055832,5.527916E-4
0.023770038,0.9988944,0.0011055832,5.527916E-4
0.023493642,0.9988944,0.0011055832,5.527916E-4
0.023217248,0.9988944,0.0011055832,5.527916E-4
0.022940852,0.9988944,0.0011055832,5.527916E-4
0.022664456,0.9988944,0.0011055832,5.527916E-4
0.02238806,0.9988944,0.0011055832,5.527916E-4
0.022111664,0.9988944,0.0011055832,5.527916E-4
0.021835268,0.9994472,5.527916E-4,5.527916E-4
0.021558871,0.9994472,5.527916E-4,5.527916E-4
0.021282477,0.9994472,5.527916E-4,5.527916E-4
0.021006081,0.9994472,5.527916E-4,5.527916E-4
0.020729685,0.9994472,5.527916E-4,5.527916E-4
0.02045329,0.9994472,5.527916E-4,5.527916E-4
0.020176893,0.9994472,5.527916E-4,5.527916E-4
0.019900497,0.9994472,5.527916E-4,5.527916E-4
0.019624101,0.9994472,5.527916E-4,5.527916E-4
0.019347707,0.9994472,5.527916E-4,5.527916E-4
0.01907131,0.9994472,5.527916E-4,5.527916E-4
0.018794915,0.9994472,5.527916E-4,5.527916E-4
0.018518519,0.9994472,5.527916E-4,5.527916E-4
0.018242123,0.9994472,5.527916E-4,5.527916E-4
0.017965727,0.9994472,5.527916E-4,5.527916E-4
0.01768933,0.9994472,5.527916E-4,5.527916E-4
0.017412934,0.9994472,5.527916E-4,5.527916E-4
0.01713654,0.9997236,5.527916E-4,2.763958E-4
0.016860144,0.9997236,5.527916E-4,2.763958E-4
0.016583748,0.9997236,5.527916E-4,2.763958E-4
0.016307352,0.9997236,5.527916E-4,2.763958E-4
0.016030956,0.9997236,5.527916E-4,2.763958E-4
0.01575456,0.9997236,5.527916E-4,2.763958E-4
0.015478165,0.9997236,5.527916E-4,2.763958E-4
0.015201769,0.9997236,5.527916E-4,2.763958E-4
0.014925373,0.9997236,5.527916E-4,2.763958E-4
0.014648978,0.9997236,5.527916E-4,2.763958E-4
0.014372582,0.9997236,5.527916E-4,2.763958E-4
0.014096186,0.9997236,5.527916E-4,2.763958E-4
0.0138197895,0.9997236,5.527916E-4,2.763958E-4
0.013543394,0.9997236,5.527916E-4,2.763958E-4
0.013266998,0.9997236,5.527916E-4,2.763958E-4
0.012990602,0.9997236,5.527916E-4,2.763958E-4
0.012714207,0.9997236,5.527916E-4,2.763958E-4
0.012437811,0.9997236,5.527916E-4,2.763958E-4
0.012161415,0.9997236,5.527916E-4,2.763958E-4
0.011885019,0.9997236,5.527916E-4,2.763958E-4
0.011608624,0.9997236,5.527916E-4,2.763958E-4
0.011332228,0.9997236,5.527916E-4,2.763958E-4
0.011055832,0.9997236,5.527916E-4,2.763958E-4
0.010779436,0.9997236,5.527916E-4,2.763958E-4
0.010503041,1.0,2.763958E-4,2.763958E-4
0.010226645,1.0,2.763958E-4,2.763958E-4
0.0099502485,1.0,2.763958E-4,2.763958E-4
0.009673853,1.0,2.763958E-4,2.763958E-4
0.009397457,1.0,2.763958E-4,2.763958E-4
0.009121061,1.0,2.763958E-4,2.763958E-4
0.008844665,1.0,2.763958E-4,2.763958E-4
0.00856827,1.0,2.763958E-4,2.763958E-4
0.008291874,1.0,2.763958E-4,2.763958E-4
0.008015478,1.0,2.763958E-4,2.763958E-4
0.0077390824,1.0,2.763958E-4,2.763958E-4
0.0074626864,1.0,2.763958E-4,2.763958E-4
0.007186291,1.0,2.763958E-4,2.763958E-4
0.0069098948,1.0,2.763958E-4,2.763958E-4
0.006633499,1.0,2.763958E-4,2.763958E-4
0.0063571036,1.0,2.763958E-4,2.763958E-4
0.0060807075,1.0,2.763958E-4,2.763958E-4
0.005804312,1.0,2.763958E-4,2.763958E-4
0.005527916,1.0,2.763958E-4,2.763958E-4
0.0052515203,1.0,2.763958E-4,2.763958E-4
0.0049751243,1.0,2.763958E-4,2.763958E-4
0.0046987287,1.0,2.763958E-4,2.763958E-4
0.0044223326,1.0,2.763958E-4,2.763958E-4
0.004145937,1.0,2.763958E-4,2.763958E-4
0.0038695412,1.0,2.763958E-4,2.763958E-4
0.0035931454,1.0,2.763958E-4,2.763958E-4
0.0033167496,1.0,2.763958E-4,2.763958E-4
0.0030403538,1.0,2.763958E-4,2.763958E-4
0.002763958,1.0,2.763958E-4,2.763958E-4
0.0024875621,1.0,2.763958E-4,2.763958E-4
0.0022111663,1.0,2.763958E-4,2.763958E-4
0.0019347706,1.0,2.763958E-4,2.763958E-4
0.0016583748,1.0,2.763958E-4,2.763958E-4
0.001381979,1.0,2.763958E-4,2.763958E-4
0.0011055832,1.0,2.763958E-4,2.763958E-4
8.291874E-4,1.0,2.763958E-4,2.763958E-4
5.527916E-4,1.0,2.763958E-4,2.763958E-4
2.763958E-4,1.0,2.763958E-4,0.0
